ModeCool:
9824 9772 9828 9776 4620 2472 372 356 368 944 368 948 372 368 364 948 368 368
368 364 364 376 368 364 368 940 372 364 372 364 368 940 372 368 364 368 368 376
364 940 368 368 364 372 364 944 368 368 368 368 368 364 368 376 368 360 368 944
368 368 368 364 368 368 392 924 368 368 368 376 368 936 368 944 388 348 368 364
368 368 368 948 368 944 368 376 368 936 372 364 368 368 368 368 364 368 372 364
368 368 364 376 368 364 364 944 372 944 372 364 372 940 368 368 368 368 368 376
364 364 368 364 368 948 396 344 364 372 364 368 368 944 368 952 368 20344 4596

ModeDry:
9828 9776 9792 9804 4620 2480 400 328 368 944 368 948 368 368 368 944 368 368
368 368 364 376 368 936 368 368 368 368 368 368 364 944 368 368 368 364 368 380
364 940 364 372 364 372 364 940 372 368 364 372 368 364 364 380 364 364 364 944
372 368 364 368 368 368 368 944 372 368 364 380 364 940 364 948 368 368 368 364
368 368 368 944 372 944 368 376 368 940 368 364 368 368 368 364 368 368 368 368
368 364 368 376 368 360 368 944 368 948 368 368 368 944 368 368 368 364 368 376
368 360 368 368 368 948 368 368 368 944 368 948 372 368 368 948 368 20348 4620

ModeFan:
9820 9776 9824 9776 4596 2500 368 360 364 948 368 948 368 368 368 944 368 368
368 364 368 376 364 364 364 372 368 948 364 372 368 368 368 368 364 368 368 952
372 940 372 364 364 372 364 944 368 368 368 368 368 364 368 376 368 360 368 944
368 368 368 364 368 368 368 948 368 368 368 376 368 936 368 944 368 368 368 364
368 368 368 948 368 944 372 376 364 940 364 368 368 372 364 368 364 368 368 368
368 368 364 380 364 364 364 948 364 948 368 372 368 944 364 372 368 364 364 380
364 364 364 372 364 952 364 372 364 948 364 372 368 940 368 372 368 20348 4596

ModeCooFan0Swing0:
9820 9780 9852 9744 4624 2476 372 356 368 944 368 948 368 368 368 944 368 368
368 364 368 376 368 360 368 944 368 368 368 364 368 944 368 368 368 364 368 376
368 936 372 364 368 952 364 372 364 944 368 368 372 360 368 376 368 360 368 944
368 948 372 368 368 944 368 364 368 368 368 372 368 936 368 372 364 368 368 944
368 940 372 368 368 940 368 376 368 360 368 368 368 368 368 364 368 368 364 952
368 368 368 956 368 364 368 944 368 944 372 368 368 944 368 368 368 364 368 376
368 360 368 368 368 948 368 368 368 368 368 948 396 340 368 952 392 20316 4624

ModeCooFan1Swing0:
9796 9800 9824 9776 4624 2472 392 336 364 944 368 952 364 372 364 944 372 368
364 368 368 376 368 360 392 920 392 344 364 368 368 368 368 368 364 368 368 956
368 940 368 368 368 948 368 368 368 940 372 368 368 364 368 376 368 360 368 944
396 920 368 368 368 944 368 368 368 364 368 376 368 940 368 364 368 368 368 944
364 944 368 368 368 940 372 376 364 364 368 364 368 372 368 364 368 364 368 948
368 372 364 956 368 368 364 948 368 944 372 368 368 944 364 372 364 368 368 376
368 360 364 372 364 952 368 368 364 948 368 368 368 364 368 372 368 20344 4624

ModeCooFan2Swing0:
9824 9776 9820 9776 4624 2472 396 332 368 944 368 948 368 368 368 944 368 368
368 364 368 376 368 360 368 944 372 364 368 364 372 364 368 368 368 940 372 372
368 940 368 364 368 948 368 372 364 948 364 372 364 368 368 372 368 364 364 948
368 948 368 368 368 944 368 368 368 364 368 376 368 936 368 368 368 368 368 940
368 944 368 368 368 940 372 372 368 360 368 368 368 368 368 364 368 368 368 948
372 364 376 948 372 360 368 944 368 948 368 368 368 944 372 364 368 368 364 376
368 364 364 368 368 948 372 364 368 944 372 364 368 944 368 952 368 20340 4620

ModeCooFan3Swing0:
9824 9772 9828 9772 4624 2472 392 336 368 944 368 948 368 368 372 940 372 364
368 364 368 376 368 360 368 944 368 368 368 364 368 368 368 948 368 368 368 376
368 936 368 368 368 948 372 364 368 948 364 372 364 364 368 376 368 364 368 940
372 948 364 368 372 940 372 364 368 368 368 376 364 940 368 368 368 368 368 940
368 944 368 368 364 944 368 376 368 360 368 368 368 368 368 364 368 368 368 948
392 344 368 956 368 364 368 944 368 948 368 368 368 944 392 348 368 368 368 376
368 360 368 364 372 948 368 368 368 940 372 948 368 368 368 952 392 20316 4624

ModeCooFan0Swing1:
9824 9772 9828 9768 4656 2448 392 336 368 944 392 924 368 368 368 944 368 368
368 364 368 376 368 360 368 944 396 340 392 340 392 920 396 340 368 364 368 376
368 360 396 340 392 924 396 340 368 368 368 948 396 340 368 376 368 360 392 920
396 920 392 344 372 940 372 364 368 364 392 352 368 936 400 336 736 368 940 396
916 400 336 368 940 396 352 368 360 368 364 236 128 372 396 340 392 340 396 920
396 344 368 952 396 340 392 916 400 916 396 344 392 920 396 340 368 364 368 376
392 908 396 344 368 944 400 340 368 944 396 920 396 340 368 952 400 20308 4628

ModeFanFan1Swing0:
9824 9780 9820 9772 4628 2472 368 360 368 944 368 944 372 368 368 944 364 372
368 364 368 376 364 364 368 368 368 948 364 372 368 368 368 368 368 364 368 956
368 364 368 368 368 364 372 364 368 368 368 944 372 368 368 376 368 360 368 944
392 920 372 368 368 944 368 368 368 364 368 376 364 940 396 340 368 368 368 940
392 920 368 368 368 940 372 376 368 356 368 368 396 340 368 364 372 364 368 948
368 368 368 956 396 336 368 944 392 924 396 340 368 944 396 340 368 364 372 372
368 360 372 364 368 948 396 340 372 940 372 944 396 920 368 952 392 20316 4624

ModeFanFan2Swing0:
9820 9776 9824 9776 4596 2504 368 360 368 944 368 948 368 368 368 944 368 368
364 368 368 376 368 360 368 368 368 948 368 368 368 368 368 368 368 940 368 376
368 936 368 368 368 368 368 364 368 368 368 948 368 368 368 376 368 360 368 944
368 948 368 368 368 944 372 364 368 364 368 380 364 936 368 368 368 368 368 940
372 940 372 368 364 940 372 376 368 360 364 372 364 368 372 364 368 364 368 948
396 344 364 960 368 360 368 944 372 944 372 368 364 944 368 372 364 368 368 376
368 360 368 364 368 948 372 368 368 364 368 372 368 940 368 952 392 20316 4624

ModeFanFan3Swing0:
9796 9800 9824 9772 4624 2480 368 360 364 944 372 948 368 368 364 948 368 368
364 368 368 376 364 364 368 368 364 952 364 372 368 368 368 948 368 368 364 380
364 940 368 368 364 372 368 364 368 368 368 948 368 368 368 376 364 364 368 944
368 948 368 368 368 944 368 368 368 364 368 376 368 936 368 368 364 372 368 940
368 944 368 368 368 940 368 380 364 360 368 368 368 368 368 364 368 368 368 948
368 372 364 956 368 364 368 944 368 948 372 364 368 944 368 368 368 368 364 380
364 364 364 368 368 952 388 348 364 372 368 944 372 368 368 952 376 20332 4620

ModeFanFan3Swing0x:
9820 9776 9828 9772 4624 2476 400 328 368 944 396 920 392 344 368 940 376 364
368 364 392 352 368 360 392 344 392 920 372 368 368 368 368 944 396 344 368 376
368 360 368 944 368 944 372 368 368 368 368 948 368 368 368 376 368 360 368 944
368 948 368 368 372 940 396 340 372 360 368 376 368 936 396 340 396 340 392 916
372 944 368 364 368 944 368 376 368 360 368 364 372 364 372 364 368 368 392 920
376 364 368 956 368 364 368 944 392 920 372 368 368 944 392 344 368 364 368 376
368 360 368 368 392 924 392 344 368 944 368 948 392 920 368 952 396 20312 4628

ModeFanFan3Swing1:
9824 9772 9828 9776 4620 2472 396 332 368 944 368 952 364 368 372 940 396 340
368 368 368 372 368 364 392 340 396 920 372 364 372 364 372 944 368 372 368 372
368 360 368 944 372 948 392 344 368 368 368 944 396 344 368 376 392 336 368 940
372 948 368 368 368 944 392 344 392 340 368 376 368 936 396 340 368 368 368 940
368 948 364 368 368 940 368 376 396 332 368 368 396 340 372 360 368 368 392 924
392 344 368 956 392 340 368 944 396 920 368 368 368 944 396 340 368 364 368 376
396 908 372 364 368 952 368 364 368 368 392 344 368 364 372 368 368 20352 4616

ModeCooFan0Swing1Temp16:
9864 9732 9864 9736 4660 2440 436 292 428 880 428 892 432 304 428 884 428 308
428 304 436 308 432 296 428 884 432 304 432 300 432 880 436 300 428 304 432 312
432 876 432 300 428 888 428 312 424 308 432 304 428 884 432 308 428 300 432 304
428 308 432 304 428 304 432 884 436 304 424 316 432 872 436 300 428 308 432 880
432 876 432 308 428 876 436 312 424 304 428 308 428 308 428 304 424 312 432 884
428 308 428 896 428 304 424 888 432 884 432 304 424 888 428 308 432 300 424 320
432 872 432 304 432 884 432 304 428 884 432 304 400 332 428 892 460 20252 4660

ModeCooFan0Swing1Temp16Pow1:
9792 9804 9796 9804 4592 2508 368 360 364 948 364 952 364 372 364 948 364 372
364 368 364 380 364 364 364 948 364 372 364 368 364 948 364 372 364 368 364 380
364 940 364 372 364 956 364 368 368 368 364 956 364 372 364 376 364 944 364 368
364 372 364 368 368 368 368 952 364 372 364 376 364 940 368 372 364 368 368 944
364 944 368 372 364 940 368 380 364 364 364 372 364 372 364 368 364 372 364 952
364 372 364 960 364 368 364 948 364 948 368 372 364 948 364 372 364 368 364 380
364 940 364 372 364 952 364 952 364 368 364 372 364 368 364 376 364 20352 4592

ModeCooFan0Swing1Temp16Pow2:
9824 9772 9824 9776 4620 2476 368 360 368 944 368 948 368 368 368 944 368 368
368 364 368 376 368 360 364 948 368 368 368 364 368 944 392 344 368 364 368 376
368 936 372 364 368 368 368 940 368 368 368 948 368 368 368 376 368 936 368 368
368 372 364 364 368 368 368 952 364 368 368 376 368 936 368 368 368 368 368 940
372 944 364 368 368 944 368 376 368 360 368 368 364 368 368 368 368 364 368 952
368 368 364 960 368 364 368 940 372 948 392 344 368 944 368 368 368 364 368 376
368 936 368 368 368 948 368 944 372 364 368 368 368 940 372 368 368 20348 4624

ModeCooFan0Swing1Temp16Pow3:
9820 9776 9800 9800 4624 2472 396 336 368 944 364 952 368 368 364 948 364 372
368 364 368 376 368 360 368 944 368 368 368 364 368 944 368 368 368 364 368 376
368 360 368 368 364 372 368 364 368 944 368 948 368 368 368 376 368 936 372 364
368 368 368 364 368 368 368 948 372 364 368 376 368 936 368 368 368 368 368 940
372 944 368 368 364 940 372 372 372 360 364 368 372 368 364 368 368 368 368 948
368 368 368 952 368 368 364 948 392 924 368 368 368 944 368 368 368 364 368 376
368 936 368 368 368 948 392 920 368 368 368 368 368 940 368 952 372 20340 4624

ModeFanFan1Swing1NoPow1:
9824 9768 9860 9740 4624 2476 400 328 392 920 396 920 396 340 396 920 396 336
368 364 396 348 396 332 396 340 392 920 376 364 396 340 392 344 396 336 392 932
396 336 368 944 368 948 396 340 396 916 396 920 396 340 392 352 396 908 396 340
372 364 396 336 372 364 368 948 396 360 368 376 392 912 396 340 396 340 392 916
368 944 392 344 368 940 396 348 396 332 396 340 392 344 392 340 396 340 392 924
396 340 368 956 396 336 372 940 396 920 396 340 372 940 396 340 396 336 396 348
396 908 400 336 396 920 396 344 368 944 396 916 400 340 392 348 368 20344 4656

ModeFanFan1Swing1NoPow2:
9828 9768 9828 9772 4628 2472 400 328 372 940 392 924 368 368 372 940 372 364
396 340 364 380 364 364 392 340 368 948 368 368 368 368 368 368 368 368 392 928
392 340 372 940 396 924 392 340 372 940 368 952 368 368 368 376 364 940 368 368
392 340 396 340 396 340 368 948 392 344 392 352 380 924 368 368 368 368 368 940
392 920 396 340 392 916 396 348 368 360 368 368 396 340 392 340 392 344 396 920
368 368 392 932 392 340 392 920 396 920 368 368 396 916 368 368 368 364 372 372
368 936 396 340 368 948 396 340 396 920 392 924 392 344 392 348 392 20320 4628

ModeFanFan1Swing1Pow1:
9852 9744 9884 9716 4660 2436 432 296 396 916 396 920 396 340 396 916 400 336
396 336 400 344 396 332 396 340 396 920 428 308 396 340 400 336 396 336 428 896
400 332 396 916 428 888 396 344 392 916 428 888 396 344 392 352 392 908 400 336
400 336 432 304 396 340 392 920 400 340 392 352 396 904 400 340 392 340 400 912
396 916 400 336 396 912 400 344 396 332 396 340 396 340 396 336 396 340 396 920
404 332 396 928 396 336 400 912 428 888 396 340 396 916 400 336 396 336 400 344
400 904 396 340 400 916 396 916 424 888 400 916 400 340 396 920 396 20316 4656

Time06:45am:
9796 9800 9796 9800 4600 2504 368 360 364 948 368 952 364 368 364 948 368 368
364 368 368 376 368 360 368 944 368 368 368 364 368 944 368 368 368 364 368 376
368 936 368 368 368 948 368 368 368 368 368 368 368 940 368 376 368 360 368 944
372 944 368 368 368 368 368 368 368 364 368 376 368 360 368 368 368 368 368 364
368 944 368 368 368 364 368 376 368 360 368 368 368 368 368 364 368 944 368 368
368 364 368 376 368 360 368 944 368 948 368 368 368 944 392 344 368 368 364 376
368 364 364 368 368 948 368 372 364 368 368 948 368 948 368 368 372 20344 4624

Time06:53am:
9828 9772 9852 9748 4656 2444 396 332 368 944 396 920 396 340 368 944 400 336
368 364 396 348 396 332 400 912 396 340 396 340 368 940 396 344 392 340 392 348
396 908 400 912 396 344 392 340 392 920 400 336 396 912 396 348 368 360 396 916
400 916 396 340 396 340 368 368 396 336 396 348 392 336 396 340 392 344 392 340
368 944 396 340 396 336 396 348 396 332 396 340 396 340 392 340 396 916 396 340
368 364 396 348 396 332 396 916 404 912 396 340 396 916 400 336 396 336 396 348
396 332 400 336 396 920 400 336 396 916 400 336 392 916 396 344 396 20320 4656

Time08:04am:
9796 9800 9796 9800 4596 2504 368 360 364 944 368 952 368 368 364 948 368 368
364 368 364 380 368 360 364 948 368 368 364 368 368 944 368 368 364 368 368 376
364 364 364 372 364 952 368 368 368 368 364 372 368 364 368 376 364 364 368 368
364 372 368 940 368 368 364 372 364 368 368 376 364 364 368 368 364 372 364 368
364 948 364 372 364 368 368 376 368 360 368 368 364 372 364 368 364 948 368 368
364 368 364 380 364 364 368 940 372 948 368 368 368 944 368 368 368 364 368 376
368 360 368 368 368 948 368 368 368 944 368 948 368 368 368 372 368 20348 4596

Time10:37am:
9796 9800 9828 9772 4628 2468 372 356 368 944 372 944 372 364 368 944 372 368
364 368 368 372 368 364 368 944 368 368 368 364 364 948 392 340 368 368 364 380
368 936 368 940 396 924 372 364 368 944 372 944 368 368 372 372 368 360 368 368
368 368 368 364 368 944 372 364 368 364 368 376 368 360 368 368 368 368 368 364
368 944 392 344 368 364 368 376 368 360 368 368 368 368 368 364 368 944 396 340
368 364 368 376 368 360 396 916 368 948 372 364 368 944 368 368 368 364 396 348
368 360 372 364 368 948 368 368 368 368 368 948 396 340 372 368 368 20348 4624

Time12:45pm:
9828 9772 9852 9748 4652 2448 396 332 368 940 372 948 392 344 392 920 396 340
392 340 396 348 368 360 396 916 392 344 396 336 400 912 396 340 392 340 368 376
368 936 384 352 396 920 400 336 396 340 396 340 396 912 372 372 392 336 396 920
392 340 396 340 392 916 396 340 396 340 368 376 392 336 392 340 396 340 372 364
392 916 396 340 372 364 396 344 396 336 392 340 396 340 396 340 396 912 400 336
396 340 368 372 400 332 392 920 396 920 396 340 392 916 404 336 396 336 396 348
396 332 396 340 392 920 400 340 392 920 392 924 396 340 368 372 368 20344 4656

Time01:03pm:
9824 9772 9828 9772 4624 2472 400 328 368 944 368 948 368 368 368 944 368 368
368 364 368 376 368 360 368 944 372 364 368 364 392 920 368 368 368 364 368 376
392 912 372 940 396 340 396 340 368 368 364 368 396 340 392 348 396 908 396 916
372 364 372 364 392 920 400 336 392 340 396 348 368 360 392 340 372 368 368 364
368 944 392 344 368 364 368 376 368 360 396 336 400 340 392 340 392 920 368 368
368 364 392 352 368 360 368 944 392 924 392 344 392 920 392 344 368 364 368 376
368 360 392 344 392 924 396 340 368 368 396 920 392 920 392 928 368 20344 4624

10:00OnTimerOn:
9796 9804 9792 9840 4560 2508 364 364 388 924 364 952 384 352 384 928 388 348
388 344 364 380 364 364 364 948 384 352 384 348 388 924 364 372 388 348 384 356
388 916 388 924 388 928 388 352 384 352 384 352 384 348 364 380 364 936 388 352
384 932 364 372 384 924 392 348 384 348 384 360 388 340 364 372 384 352 364 368
384 928 364 372 384 348 364 956 388 348 384 928 388 348 364 368 384 352 384 352
364 944 388 356 384 344 364 948 384 932 388 348 388 924 364 376 360 372 384 356
388 344 364 368 388 928 388 352 360 952 384 348 364 368 364 380 384 20328 4592

10:00OnTimerOff:
9796 9804 9792 9808 4592 2504 368 364 364 948 364 952 364 372 364 944 368 372
364 368 364 380 364 364 368 944 364 372 364 368 364 948 368 368 364 368 364 380
364 364 364 372 364 372 364 944 368 368 364 372 364 368 364 380 364 940 368 368
368 948 364 372 364 948 368 368 364 372 360 380 364 364 364 372 368 368 368 364
364 948 368 368 368 364 368 376 368 360 368 944 368 372 364 368 364 368 368 368
364 944 368 380 364 364 364 944 368 948 368 372 364 948 364 372 364 368 364 380
364 364 364 372 364 952 364 372 364 372 364 948 368 372 364 956 368 20340 4600

23:30OnTimerOn:
9792 9808 9792 9804 4592 2504 368 364 384 924 388 932 388 348 384 928 384 352
384 348 384 360 384 344 364 948 384 356 380 348 388 924 384 352 384 348 384 360
388 916 388 924 388 348 388 344 388 924 364 372 384 348 384 360 384 924 384 348
388 928 388 352 384 924 388 352 384 348 364 380 364 940 384 928 388 348 364 368
388 348 384 932 364 948 388 936 388 344 384 928 388 348 384 348 388 348 388 348
384 924 388 356 388 344 384 924 388 932 384 352 384 928 384 352 364 368 384 360
384 344 384 352 360 956 384 352 384 352 364 952 364 948 364 376 384 20332 4612

23:30OnTimerOff:
9792 9804 9796 9804 4592 2504 388 340 388 924 388 928 384 352 364 948 388 348
388 348 384 356 388 340 388 928 364 372 384 348 384 928 384 352 364 368 384 356
388 920 388 924 364 372 384 348 384 928 384 352 384 348 384 360 384 920 388 348
388 928 388 348 388 924 388 348 388 344 364 380 388 916 388 924 388 352 384 348
364 368 364 956 384 928 384 360 364 364 384 924 388 352 384 348 388 348 384 352
364 944 388 356 364 364 364 948 388 928 388 348 384 928 364 372 388 344 388 356
388 340 364 372 388 928 388 348 388 348 384 932 388 924 388 932 368 20348 4592

01:00OffTimerOn:
9796 9808 9788 9808 4592 2508 388 340 388 924 384 932 388 348 384 928 388 348
388 344 388 356 388 340 388 924 388 352 384 348 384 924 388 352 384 348 384 360
384 344 384 348 388 352 384 924 384 928 384 352 384 348 364 380 384 920 384 352
388 928 384 352 384 928 384 352 384 348 388 356 388 916 388 924 388 348 384 348
388 348 388 928 384 928 388 356 388 916 392 348 380 356 384 348 384 352 384 348
388 348 364 960 364 368 384 928 384 928 388 352 388 924 384 352 384 348 384 360
384 344 364 372 384 932 388 348 364 372 384 932 388 924 388 352 388 20324 4596

01:00OffTimerOff:
9796 9800 9800 9800 4596 2504 368 360 364 944 368 952 364 372 364 948 364 372
364 368 364 380 364 364 364 944 368 372 364 368 364 948 364 372 364 368 364 380
368 936 364 372 364 372 364 948 364 944 368 372 364 368 364 380 364 940 364 372
364 952 364 372 364 948 364 372 364 368 364 380 364 940 364 948 364 372 364 368
364 372 364 952 364 948 368 376 364 944 364 368 364 372 364 368 368 368 364 372
364 372 364 376 364 364 368 944 368 948 368 372 364 944 368 372 364 368 364 380
364 364 364 372 364 952 364 372 364 944 368 952 364 948 364 956 368 20348 4588

14:30OffTimerOn:
9792 9804 9796 9804 4596 2512 364 356 364 948 368 948 368 368 368 948 364 372
364 368 364 380 364 364 360 952 364 372 364 368 364 948 364 372 364 368 364 380
364 940 364 372 364 952 364 372 364 948 368 368 364 368 364 380 364 940 364 372
364 952 368 368 368 944 368 368 368 364 368 376 368 936 368 944 368 368 368 368
364 368 368 948 368 944 368 380 368 360 364 372 364 952 364 372 364 944 368 372
364 944 368 956 364 368 364 948 368 948 368 368 368 948 364 368 368 364 368 376
368 360 368 368 368 948 368 368 368 944 368 948 368 368 368 956 364 20344 4596

14:30OffTimerOff:
9816 9780 9824 9776 4620 2476 368 360 364 948 364 952 368 368 368 944 368 368
364 368 368 376 368 360 368 944 368 368 368 364 368 944 368 368 368 364 368 376
368 936 372 940 368 948 368 372 368 944 364 372 364 368 368 376 368 936 368 368
368 944 396 344 368 944 368 368 364 368 368 376 368 936 368 944 368 368 368 364
368 368 368 948 368 944 368 376 368 364 364 372 364 948 368 368 368 948 368 364
368 940 368 380 364 364 364 948 368 948 392 344 368 944 368 368 368 364 368 376
368 360 364 372 368 948 368 368 368 944 368 368 368 940 368 372 368 20348 4624

ModeCooFan0Swing1Temp17:
9864 9732 9864 9740 4660 2436 432 296 404 908 432 888 428 308 428 880 432 308
428 304 436 308 428 300 428 880 432 308 428 304 428 884 432 304 428 304 428 316
432 872 428 308 428 888 428 308 424 312 428 308 428 880 432 312 424 304 432 304
424 312 428 304 432 304 432 884 432 304 432 312 428 876 432 304 428 308 428 880
432 880 428 308 428 880 432 312 428 300 428 308 432 304 432 300 432 304 428 888
428 308 400 924 432 876 432 880 432 884 432 304 400 912 432 308 428 304 428 316
424 880 432 304 424 888 432 308 428 308 428 884 432 308 428 892 428 20280 4660

ModeCooFan0Swing1Temp18:
9856 9736 9864 9732 4660 2440 432 296 424 884 424 892 432 308 424 884 432 308
400 332 428 316 428 300 396 916 432 304 424 308 428 880 432 308 428 304 424 320
428 876 428 308 424 892 428 308 424 312 428 308 428 880 432 312 400 328 424 312
428 308 428 304 428 308 428 888 428 308 400 344 428 876 428 308 428 308 400 908
432 880 424 312 424 884 424 320 400 328 400 336 428 308 432 300 424 312 432 884
428 308 428 896 432 300 424 312 428 308 424 884 432 880 432 304 428 304 428 316
428 876 432 304 432 884 432 304 428 884 428 888 432 308 400 920 432 20276 4664

ModeCooFan0Swing1Temp19:
9864 9732 9864 9736 4660 2436 428 300 400 912 432 884 428 308 428 884 432 304
436 296 428 316 432 296 428 884 432 304 432 304 396 912 424 312 428 304 428 316
424 304 424 888 424 892 432 308 424 312 428 304 428 880 428 316 400 328 424 312
432 304 428 308 400 332 428 888 432 304 432 312 432 872 432 304 400 336 432 876
428 888 428 308 428 880 428 316 424 304 432 304 424 312 428 304 432 300 400 916
436 304 428 892 436 872 432 308 424 312 428 880 428 884 432 304 400 332 424 320
432 872 436 300 428 888 432 304 428 884 428 308 428 880 432 888 428 20284 4660

ModeCooFan0Swing1Temp20:
9860 9736 9860 9736 4660 2444 432 296 424 884 436 884 428 308 428 884 432 304
428 304 424 320 428 300 432 880 428 304 428 308 428 880 436 304 424 308 428 316
428 300 400 912 428 888 428 308 424 312 400 336 428 880 432 312 428 300 428 308
432 304 428 304 428 308 428 888 432 308 424 316 432 872 432 304 424 312 428 880
436 880 424 308 432 876 424 320 428 300 428 308 428 308 428 304 428 308 428 888
436 300 400 924 432 300 428 308 432 304 428 304 428 308 432 884 432 304 432 312
428 876 432 304 400 916 432 304 432 880 432 304 428 884 432 308 424 20288 4660

ModeCooFan0Swing1Temp21:
9864 9732 9864 9740 4660 2432 436 292 396 916 432 884 404 332 400 912 432 304
432 300 432 312 428 300 432 880 436 300 400 332 432 880 436 304 424 308 428 312
396 336 428 880 428 888 432 308 428 304 432 304 400 912 424 320 428 300 424 312
428 304 400 336 424 308 428 888 428 316 392 348 424 880 432 304 428 308 396 912
428 880 428 312 396 912 428 316 428 300 428 308 432 304 428 308 428 304 424 892
432 308 424 896 432 880 424 308 432 304 428 304 400 336 432 884 428 312 400 340
432 872 432 304 428 892 432 304 420 316 424 888 436 876 436 308 428 20284 4664

ModeCooFan0Swing1Temp22:
9864 9736 9860 9736 4664 2436 436 292 432 880 428 888 428 308 432 880 432 304
428 304 428 316 432 296 432 880 432 304 432 300 432 880 436 300 432 304 424 316
432 872 436 880 428 884 436 304 428 308 424 312 424 884 428 316 432 296 432 304
428 308 432 300 432 304 432 880 436 304 428 316 428 876 428 308 424 312 428 880
432 880 432 304 424 884 432 312 428 300 428 308 428 308 428 304 432 304 432 884
428 308 432 892 432 300 428 884 432 304 432 300 432 304 432 884 428 308 428 316
428 876 432 304 428 888 428 308 428 308 428 308 428 304 424 896 428 20284 4660

ModeCooFan0Swing1Temp23:
9860 9740 9860 9736 4660 2436 436 292 432 880 432 884 432 304 432 880 432 304
428 304 432 312 432 296 432 880 436 300 428 304 432 880 428 308 432 300 432 312
428 876 432 880 432 884 436 300 432 308 428 304 436 872 436 308 432 300 428 304
432 304 432 300 432 304 432 884 428 312 432 308 432 872 436 300 432 308 424 884
432 880 432 304 432 872 436 312 400 328 428 308 428 308 428 304 432 300 436 880
436 304 428 892 436 876 456 856 432 304 428 304 432 304 428 888 432 304 432 312
432 872 436 300 432 884 432 304 432 880 432 304 428 304 432 888 432 20280 4660

ModeCooFan0Swing1Temp24:
9864 9736 9864 9732 4664 2440 432 296 428 880 428 888 432 308 400 908 436 304
428 304 428 316 428 300 432 876 432 308 428 304 432 880 432 304 400 332 428 316
424 304 400 336 428 308 428 880 428 308 428 308 400 908 428 316 424 304 432 304
428 308 408 324 432 304 432 884 428 308 432 312 428 876 432 304 428 308 428 876
440 876 428 308 428 880 432 312 428 304 432 300 432 304 432 300 436 300 432 884
436 300 432 892 432 300 428 308 432 884 432 304 424 312 424 892 456 280 428 316
428 876 432 304 428 888 432 304 428 884 436 880 428 308 432 892 428 20280 4660

ModeCooFan0Swing1Temp16Turbo0:
9792 9804 9792 9808 4592 2508 364 364 364 948 364 952 388 348 364 948 364 372
364 368 388 356 384 344 364 948 364 372 364 368 364 952 360 372 364 372 364 380
364 364 364 948 364 952 364 372 384 352 364 372 360 948 384 360 384 920 384 352
364 372 384 348 364 372 384 352 364 368 364 380 364 940 364 372 364 372 364 944
364 948 364 372 380 928 384 360 364 364 364 372 384 352 388 344 364 372 364 952
364 372 364 960 364 368 388 924 364 952 364 372 392 920 364 372 388 344 388 356
364 940 388 348 364 952 364 372 364 948 364 372 388 348 384 936 364 20344 4592

ModeCooFan0Swing1Temp16Turbo1:
9792 9804 9792 9804 4596 2508 364 360 364 948 368 952 364 372 364 948 364 372
364 368 364 380 364 364 364 944 368 372 360 372 364 948 364 952 364 372 364 380
384 344 364 948 364 952 364 372 364 372 364 372 364 944 364 380 364 940 364 372
364 372 364 368 364 372 364 372 364 368 364 380 364 940 364 372 364 372 364 944
364 948 368 368 364 944 368 376 364 364 368 368 364 372 364 368 364 372 364 952
364 372 364 960 368 364 364 948 364 952 368 368 364 948 368 368 364 368 364 380
364 940 368 368 368 948 368 368 368 944 368 948 368 372 364 956 364 20344 4596

ModeCooFan0Swing1Temp16Quiet1:
9792 9804 9792 9808 4612 2484 384 344 384 928 384 928 388 352 388 924 384 352
388 344 384 360 388 340 384 928 388 348 384 348 388 924 388 348 384 348 384 936
392 920 388 348 388 348 384 348 388 924 388 348 384 924 388 356 388 916 388 348
388 348 388 344 388 348 388 348 388 344 388 356 388 916 388 348 388 348 388 920
388 924 388 348 388 920 388 360 384 344 384 348 384 352 364 368 388 348 388 928
388 348 388 936 388 348 384 924 388 928 388 352 384 924 388 352 384 348 364 380
384 920 384 352 384 928 388 352 384 928 388 348 384 924 388 932 388 20324 4588

ModeCooFan0Swing1Temp16Quiet0:
9796 9804 9792 9800 4596 2508 368 360 364 948 364 952 364 372 364 948 364 372
364 368 364 380 364 364 364 948 364 372 364 368 364 948 364 372 364 368 364 380
364 364 364 944 368 372 364 368 364 948 364 372 364 944 364 380 364 940 368 368
364 372 364 368 368 368 364 372 364 368 368 376 368 936 364 372 364 372 364 944
368 944 364 372 364 948 364 380 364 364 364 368 364 372 368 368 364 368 364 952
368 368 368 956 368 364 368 944 368 952 364 372 364 948 364 372 360 372 368 376
364 940 368 364 368 952 364 372 364 368 368 952 364 948 364 376 364 20352 4588

ModeCooFan0Swing1Temp16Sleep1:
9788 9808 9812 9784 4592 2504 388 340 388 924 388 928 388 348 388 924 388 352
384 348 384 356 388 340 388 924 388 352 384 344 388 924 388 348 388 348 384 356
388 344 384 348 388 348 388 344 388 924 388 348 388 348 384 360 384 340 388 928
384 352 384 344 388 348 384 352 388 344 388 360 384 916 388 348 388 348 388 924
384 928 384 348 388 924 388 356 384 344 384 352 384 352 384 348 384 352 384 932
384 352 388 932 388 348 384 928 388 924 392 348 388 924 388 348 384 348 384 360
384 920 388 924 388 928 388 348 388 924 388 928 388 352 384 352 388 20328 4592

ModeCooFan0Swing1Temp16Sleep0:
9792 9812 9788 9808 4596 2500 388 340 388 924 384 928 392 348 388 924 388 348
388 344 384 360 384 344 388 924 388 348 384 348 388 924 388 348 388 344 388 356
388 340 364 372 384 932 384 352 388 924 388 348 388 344 388 356 388 340 384 928
388 348 388 344 384 352 384 352 388 344 388 356 384 920 388 348 384 352 384 924
388 924 388 348 388 920 388 356 388 344 384 348 384 352 388 344 388 348 388 928
388 348 388 936 388 344 388 924 388 928 388 352 384 924 388 348 388 348 384 360
364 940 364 372 384 932 384 352 384 928 388 348 388 920 392 348 388 20328 4592

ModeCooFan0Swing1Temp16Sleep1A:
9812 9784 9792 9804 4616 2484 384 344 384 924 388 928 388 352 384 924 392 348
388 344 384 360 384 344 384 924 388 352 384 348 384 928 388 348 384 348 384 360
384 576 116 388 384 928 388 352 384 928 384 352 384 348 384 360 384 344 384 928
384 352 384 348 388 348 384 352 384 348 384 360 384 920 388 348 384 356 380 924
388 924 388 348 388 920 388 356 388 340 388 348 388 348 384 348 384 352 384 932
388 348 384 940 388 344 384 928 388 928 388 348 388 924 388 348 388 344 388 356
384 920 388 924 388 932 384 352 384 924 388 928 392 920 388 356 384 20328 4592
