0110 1000 0100 1000 1001 0000 0100 0100 1100 0110 1000 0000 0110 1000 0010 0011 :ModeCool                      
0110 1000 1000 1000 1001 0000 0100 0100 1100 0110 1000 0000 0110 1000 0010 1101 :ModeDry                       
0110 1000 0010 0001 1001 0000 0100 0100 1100 0110 1000 0000 0110 1000 0010 1010 :ModeFan                       
0110 1000 0100 1000 1010 1000 0110 1000 1001 1010 0000 0101 0110 1000 0010 0101 :ModeCoolFan0Swing0             
0110 1000 0100 0001 1010 1000 0110 1000 1001 1010 0000 0101 0110 1000 0010 1000 :ModeCoolFan1Swing0             
0110 1000 0100 0010 1010 1000 0110 1000 1001 1010 0000 0101 0110 1000 0010 1011 :ModeCoolFan2Swing0             
0110 1000 0100 0100 1010 1000 0110 1000 1001 1010 0000 0101 0110 1000 0010 1101 :ModeCoolFan3Swing0             
0110 1000 0100 1000 0010 0100 0110 1000 1000 0000 0010 0101 0110 1000 1010 1101 :ModeCoolFan0Swing1             
0110 1000 0010 0001 0000 0100 0110 1000 1001 1010 0000 0101 0110 1000 0010 1111 :ModeFanFan1Swing0             
0110 1000 0010 0010 1000 0100 0110 1000 1001 1010 0000 0101 0110 1000 0010 0011 :ModeFanFan2Swing0             
0110 1000 0010 0100 1000 0100 0110 1000 1001 1010 0000 0101 0110 1000 0010 0101 :ModeFanFan3Swing0             
0110 1000 0010 0100 0110 0100 0110 1000 1001 1010 0000 0101 0110 1000 0010 1111 :ModeFanFan3Swing0x            
0110 1000 0010 0100 0110 0100 0110 1000 1001 1010 0000 0101 0110 1000 1010 0000 :ModeFanFan3Swing1             
0110 1000 0100 1000 1010 0010 0000 0100 1001 1010 0000 0101 0110 1000 1010 1001 :ModeCoolFan0Swing1Temp16       
0110 1000 0100 1000 1010 0100 1000 0100 1001 1010 0000 0101 0110 1000 1011 0000 :ModeCoolFan0Swing1Temp16Pow1   
0110 1000 0100 1000 1001 0100 1000 0100 1001 1010 0000 0101 0110 1000 1011 0010 :ModeCoolFan0Swing1Temp16Pow2   
0110 1000 0100 1000 0000 1100 1000 0100 1001 1010 0000 0101 0110 1000 1011 0011 :ModeCoolFan0Swing1Temp16Pow3   
0110 1000 0010 0001 0110 1100 1000 0100 1001 1010 0000 0101 0110 1000 1010 1100 :ModeFanFan1Swing1NoPow1       
0110 1000 0010 0001 0110 1100 1000 0100 1001 1010 0000 0101 0110 1000 1010 1100 :ModeFanFan1Swing1NoPow2       
0110 1000 0010 0001 0110 1100 1000 0100 1001 1010 0000 0101 0110 1000 1011 1101 :ModeFanFan1Swing1Pow1         
0110 1000 0100 1000 1010 0010 0110 0000 0000 1000 0000 1000 0110 1000 0010 0110 :Time06:45am                   
0110 1000 0100 1000 1100 1010 0110 0000 0000 1000 0000 1000 0110 1000 0010 1010 :Time06:53am                   
0110 1000 0100 1000 0010 0000 0001 0000 0000 1000 0000 1000 0110 1000 0010 1100 :Time08:04am                   
0110 1000 0100 1000 1110 1100 0000 1000 0000 1000 0000 1000 0110 1000 0010 0100 :Time10:37am                   
0110 1000 0100 1000 1010 0010 0100 1000 0000 1000 0000 1000 0110 1000 0010 1100 :Time12:45pm                   
0110 1000 0100 1000 1100 0000 1100 1000 0000 1000 0000 1000 0110 1000 0010 0111 :Time01:03pm                   
0110 1000 0100 1000 1110 0000 1010 1000 0000 1001 0100 0010 0110 1000 0010 1000 :10:00OnTimerOn                
0110 1000 0100 1000 0001 0000 1010 1000 0000 1000 0100 0010 0110 1000 0010 0101 :10:00OnTimerOff               
0110 1000 0100 1000 1100 1000 1010 1000 1100 0111 0100 0010 0110 1000 0010 0110 :23:30OnTimerOn                
0110 1000 0100 1000 1100 1000 1010 1000 1100 0110 0100 0010 0110 1000 0010 0111 :23:30OnTimerOff               
0110 1000 0100 1000 0001 1000 1010 1000 1100 0110 1000 0001 0110 1000 0010 0110 :01:00OffTimerOn               
0110 1000 0100 1000 1001 1000 1010 1000 1100 0110 1000 0000 0110 1000 0010 1111 :01:00OffTimerOff              
0110 1000 0100 1000 1010 1000 1010 1000 1100 0110 0010 1011 0110 1000 0010 1101 :14:30OffTimerOn               
0110 1000 0100 1000 1110 1000 1010 1000 1100 0110 0010 1010 0110 1000 0010 1010 :14:30OffTimerOff              
0110 1000 0100 1000 1010 0010 0000 0100 1001 1010 0000 0101 1110 1000 1010 0101 :ModeCoolFan0Swing1Temp17       
0110 1000 0100 1000 1010 0010 0000 0100 1001 1010 0000 0101 0001 1000 1010 1101 :ModeCoolFan0Swing1Temp18       
0110 1000 0100 1000 0110 0010 0000 0100 1001 1010 0000 0101 0001 1000 1010 1011 :ModeCoolFan0Swing1Temp19       
0110 1000 0100 1000 0110 0010 0000 0100 1001 1010 0000 0101 0000 0100 1010 1010 :ModeCoolFan0Swing1Temp20       
0110 1000 0100 1000 0110 0010 0000 0100 1001 1010 0000 0101 1000 0100 1010 0110 :ModeCoolFan0Swing1Temp21       
0110 1000 0100 1000 1110 0010 0000 0100 1001 1010 0000 0101 0100 0100 1010 0001 :ModeCoolFan0Swing1Temp22       
0110 1000 0100 1000 1110 0000 0000 0100 1001 1010 0000 0101 1000 0100 1010 1001 :ModeCoolFan0Swing1Temp23       
0110 1000 0100 1000 0001 0010 0000 0100 1001 0010 0000 0101 0010 0100 1010 1101 :ModeCoolFan0Swing1Temp24       
0110 1000 0100 1000 0110 0010 1000 0000 1001 1010 0000 0101 0110 1000 1010 1001 :ModeCoolFan0Swing1Temp16Turbo0 
0110 1000 0100 1100 0110 0010 1000 0000 1001 1010 0000 0101 0110 1000 1010 1101 :ModeCoolFan0Swing1Temp16Turbo1 
0110 1000 0100 1001 1000 1010 1000 0000 1001 1010 0000 0101 0110 1000 1010 1011 :ModeCoolFan0Swing1Temp16Quiet1 
0110 1000 0100 1000 0100 1010 1000 0000 1001 1010 0000 0101 0110 1000 1010 0110 :ModeCoolFan0Swing1Temp16Quiet0 
0110 1000 0100 1000 0000 1000 0100 0000 1001 1010 0000 0101 0110 1000 1110 1100 :ModeCoolFan0Swing1Temp16Sleep1 
0110 1000 0100 1000 0010 1000 0100 0000 1001 1010 0000 0101 0110 1000 1010 1010 :ModeCoolFan0Swing1Temp16Sleep0 
0110 1000 0100 1000 0110 1000 0100 0000 1001 1010 0000 0101 0110 1000 1110 1110 :ModeCoolFan0Swing1Temp16Sleep1A
