Payload:     0110100001001000101010000110100010011010000001010110100000100101
Data:        011010000100100010101000011010001001101000000101011010000010
Checksum:    0101
Nibble | ReverseNibble | Nibble Sum | Reverse Nibble Sum | Reverse of Reverse Nibble Sum 
  0110 |          0110 |       0110 |               0110 |                          0110
  1000 |          0001 |       1110 |               0111 |                          1110
  0100 |          0010 |       0010 |               1001 |                          1001
  1000 |          0001 |       1010 |               1010 |                          0101
  1010 |          0101 |       0100 |               1111 |                          1111
  1000 |          0001 |       1100 |               0000 |                          0000
  0110 |          0110 |       0010 |               0110 |                          0110
  1000 |          0001 |       1010 |               0111 |                          1110
  1001 |          1001 |       0011 |               0000 |                          0000
  1010 |          0101 |       1101 |               0101 |                          1010
  0000 |          0000 |       1101 |               0101 |                          1010
  0101 |          1010 |       0010 |               1111 |                          1111
  0110 |          0110 |       1000 |               0101 |                          1010
  1000 |          0001 |       0000 |               0110 |                          0110
  0010 |          0100 |       0010 |               1010 |                          0101
-------------------------------------------------
Payload:     0110100001000001101010000110100010011010000001010110100000101000
Data:        011010000100000110101000011010001001101000000101011010000010
Checksum:    1000
Nibble | ReverseNibble | Nibble Sum | Reverse Nibble Sum | Reverse of Reverse Nibble Sum 
  0110 |          0110 |       0110 |               0110 |                          0110
  1000 |          0001 |       1110 |               0111 |                          1110
  0100 |          0010 |       0010 |               1001 |                          1001
  0001 |          1000 |       0011 |               0001 |                          1000
  1010 |          0101 |       1101 |               0110 |                          0110
  1000 |          0001 |       0101 |               0111 |                          1110
  0110 |          0110 |       1011 |               1101 |                          1011
  1000 |          0001 |       0011 |               1110 |                          0111
  1001 |          1001 |       1100 |               0111 |                          1110
  1010 |          0101 |       0110 |               1100 |                          0011
  0000 |          0000 |       0110 |               1100 |                          0011
  0101 |          1010 |       1011 |               0110 |                          0110
  0110 |          0110 |       0001 |               1100 |                          0011
  1000 |          0001 |       1001 |               1101 |                          1011
  0010 |          0100 |       1011 |               0001 |                          1000
-------------------------------------------------
Payload:     0110100001000010101010000110100010011010000001010110100000101011
Data:        011010000100001010101000011010001001101000000101011010000010
Checksum:    1011
Nibble | ReverseNibble | Nibble Sum | Reverse Nibble Sum | Reverse of Reverse Nibble Sum 
  0110 |          0110 |       0110 |               0110 |                          0110
  1000 |          0001 |       1110 |               0111 |                          1110
  0100 |          0010 |       0010 |               1001 |                          1001
  0010 |          0100 |       0100 |               1101 |                          1011
  1010 |          0101 |       1110 |               0010 |                          0100
  1000 |          0001 |       0110 |               0011 |                          1100
  0110 |          0110 |       1100 |               1001 |                          1001
  1000 |          0001 |       0100 |               1010 |                          0101
  1001 |          1001 |       1101 |               0011 |                          1100
  1010 |          0101 |       0111 |               1000 |                          0001
  0000 |          0000 |       0111 |               1000 |                          0001
  0101 |          1010 |       1100 |               0010 |                          0100
  0110 |          0110 |       0010 |               1000 |                          0001
  1000 |          0001 |       1010 |               1001 |                          1001
  0010 |          0100 |       1100 |               1101 |                          1011
-------------------------------------------------
Payload:     0110100001000100101010000110100010011010000001010110100000101101
Data:        011010000100010010101000011010001001101000000101011010000010
Checksum:    1101
Nibble | ReverseNibble | Nibble Sum | Reverse Nibble Sum | Reverse of Reverse Nibble Sum 
  0110 |          0110 |       0110 |               0110 |                          0110
  1000 |          0001 |       1110 |               0111 |                          1110
  0100 |          0010 |       0010 |               1001 |                          1001
  0100 |          0010 |       0110 |               1011 |                          1101
  1010 |          0101 |       0000 |               0000 |                          0000
  1000 |          0001 |       1000 |               0001 |                          1000
  0110 |          0110 |       1110 |               0111 |                          1110
  1000 |          0001 |       0110 |               1000 |                          0001
  1001 |          1001 |       1111 |               0001 |                          1000
  1010 |          0101 |       1001 |               0110 |                          0110
  0000 |          0000 |       1001 |               0110 |                          0110
  0101 |          1010 |       1110 |               0000 |                          0000
  0110 |          0110 |       0100 |               0110 |                          0110
  1000 |          0001 |       1100 |               0111 |                          1110
  0010 |          0100 |       1110 |               1011 |                          1101
-------------------------------------------------
Payload:     0110100001001000001001000110100010000000001001010110100010101101
Data:        011010000100100000100100011010001000000000100101011010001010
Checksum:    1101
Nibble | ReverseNibble | Nibble Sum | Reverse Nibble Sum | Reverse of Reverse Nibble Sum 
  0110 |          0110 |       0110 |               0110 |                          0110
  1000 |          0001 |       1110 |               0111 |                          1110
  0100 |          0010 |       0010 |               1001 |                          1001
  1000 |          0001 |       1010 |               1010 |                          0101
  0010 |          0100 |       1100 |               1110 |                          0111
  0100 |          0010 |       0000 |               0000 |                          0000
  0110 |          0110 |       0110 |               0110 |                          0110
  1000 |          0001 |       1110 |               0111 |                          1110
  1000 |          0001 |       0110 |               1000 |                          0001
  0000 |          0000 |       0110 |               1000 |                          0001
  0010 |          0100 |       1000 |               1100 |                          0011
  0101 |          1010 |       1101 |               0110 |                          0110
  0110 |          0110 |       0011 |               1100 |                          0011
  1000 |          0001 |       1011 |               1101 |                          1011
  1010 |          0101 |       0101 |               0010 |                          0100
-------------------------------------------------
Payload:     0110100000100001000001000110100010011010000001010110100000101111
Data:        011010000010000100000100011010001001101000000101011010000010
Checksum:    1111
Nibble | ReverseNibble | Nibble Sum | Reverse Nibble Sum | Reverse of Reverse Nibble Sum 
  0110 |          0110 |       0110 |               0110 |                          0110
  1000 |          0001 |       1110 |               0111 |                          1110
  0010 |          0100 |       0000 |               1011 |                          1101
  0001 |          1000 |       0001 |               0011 |                          1100
  0000 |          0000 |       0001 |               0011 |                          1100
  0100 |          0010 |       0101 |               0101 |                          1010
  0110 |          0110 |       1011 |               1011 |                          1101
  1000 |          0001 |       0011 |               1100 |                          0011
  1001 |          1001 |       1100 |               0101 |                          1010
  1010 |          0101 |       0110 |               1010 |                          0101
  0000 |          0000 |       0110 |               1010 |                          0101
  0101 |          1010 |       1011 |               0100 |                          0010
  0110 |          0110 |       0001 |               1010 |                          0101
  1000 |          0001 |       1001 |               1011 |                          1101
  0010 |          0100 |       1011 |               1111 |                          1111
-------------------------------------------------
Payload:     0110100000100010100001000110100010011010000001010110100000100011
Data:        011010000010001010000100011010001001101000000101011010000010
Checksum:    0011
Nibble | ReverseNibble | Nibble Sum | Reverse Nibble Sum | Reverse of Reverse Nibble Sum 
  0110 |          0110 |       0110 |               0110 |                          0110
  1000 |          0001 |       1110 |               0111 |                          1110
  0010 |          0100 |       0000 |               1011 |                          1101
  0010 |          0100 |       0010 |               1111 |                          1111
  1000 |          0001 |       1010 |               0000 |                          0000
  0100 |          0010 |       1110 |               0010 |                          0100
  0110 |          0110 |       0100 |               1000 |                          0001
  1000 |          0001 |       1100 |               1001 |                          1001
  1001 |          1001 |       0101 |               0010 |                          0100
  1010 |          0101 |       1111 |               0111 |                          1110
  0000 |          0000 |       1111 |               0111 |                          1110
  0101 |          1010 |       0100 |               0001 |                          1000
  0110 |          0110 |       1010 |               0111 |                          1110
  1000 |          0001 |       0010 |               1000 |                          0001
  0010 |          0100 |       0100 |               1100 |                          0011
-------------------------------------------------
Payload:     0110100000100100100001000110100010011010000001010110100000100101
Data:        011010000010010010000100011010001001101000000101011010000010
Checksum:    0101
Nibble | ReverseNibble | Nibble Sum | Reverse Nibble Sum | Reverse of Reverse Nibble Sum 
  0110 |          0110 |       0110 |               0110 |                          0110
  1000 |          0001 |       1110 |               0111 |                          1110
  0010 |          0100 |       0000 |               1011 |                          1101
  0100 |          0010 |       0100 |               1101 |                          1011
  1000 |          0001 |       1100 |               1110 |                          0111
  0100 |          0010 |       0000 |               0000 |                          0000
  0110 |          0110 |       0110 |               0110 |                          0110
  1000 |          0001 |       1110 |               0111 |                          1110
  1001 |          1001 |       0111 |               0000 |                          0000
  1010 |          0101 |       0001 |               0101 |                          1010
  0000 |          0000 |       0001 |               0101 |                          1010
  0101 |          1010 |       0110 |               1111 |                          1111
  0110 |          0110 |       1100 |               0101 |                          1010
  1000 |          0001 |       0100 |               0110 |                          0110
  0010 |          0100 |       0110 |               1010 |                          0101
-------------------------------------------------
Payload:     0110100000100100011001000110100010011010000001010110100000101111
Data:        011010000010010001100100011010001001101000000101011010000010
Checksum:    1111
Nibble | ReverseNibble | Nibble Sum | Reverse Nibble Sum | Reverse of Reverse Nibble Sum 
  0110 |          0110 |       0110 |               0110 |                          0110
  1000 |          0001 |       1110 |               0111 |                          1110
  0010 |          0100 |       0000 |               1011 |                          1101
  0100 |          0010 |       0100 |               1101 |                          1011
  0110 |          0110 |       1010 |               0011 |                          1100
  0100 |          0010 |       1110 |               0101 |                          1010
  0110 |          0110 |       0100 |               1011 |                          1101
  1000 |          0001 |       1100 |               1100 |                          0011
  1001 |          1001 |       0101 |               0101 |                          1010
  1010 |          0101 |       1111 |               1010 |                          0101
  0000 |          0000 |       1111 |               1010 |                          0101
  0101 |          1010 |       0100 |               0100 |                          0010
  0110 |          0110 |       1010 |               1010 |                          0101
  1000 |          0001 |       0010 |               1011 |                          1101
  0010 |          0100 |       0100 |               1111 |                          1111
-------------------------------------------------
Payload:     0110100000100100011001000110100010011010000001010110100010100000
Data:        011010000010010001100100011010001001101000000101011010001010
Checksum:    0000
Nibble | ReverseNibble | Nibble Sum | Reverse Nibble Sum | Reverse of Reverse Nibble Sum 
  0110 |          0110 |       0110 |               0110 |                          0110
  1000 |          0001 |       1110 |               0111 |                          1110
  0010 |          0100 |       0000 |               1011 |                          1101
  0100 |          0010 |       0100 |               1101 |                          1011
  0110 |          0110 |       1010 |               0011 |                          1100
  0100 |          0010 |       1110 |               0101 |                          1010
  0110 |          0110 |       0100 |               1011 |                          1101
  1000 |          0001 |       1100 |               1100 |                          0011
  1001 |          1001 |       0101 |               0101 |                          1010
  1010 |          0101 |       1111 |               1010 |                          0101
  0000 |          0000 |       1111 |               1010 |                          0101
  0101 |          1010 |       0100 |               0100 |                          0010
  0110 |          0110 |       1010 |               1010 |                          0101
  1000 |          0001 |       0010 |               1011 |                          1101
  1010 |          0101 |       1100 |               0000 |                          0000
-------------------------------------------------
Payload:     0110100001001000101000100000010010011010000001010110100010101001
Data:        011010000100100010100010000001001001101000000101011010001010
Checksum:    1001
Nibble | ReverseNibble | Nibble Sum | Reverse Nibble Sum | Reverse of Reverse Nibble Sum 
  0110 |          0110 |       0110 |               0110 |                          0110
  1000 |          0001 |       1110 |               0111 |                          1110
  0100 |          0010 |       0010 |               1001 |                          1001
  1000 |          0001 |       1010 |               1010 |                          0101
  1010 |          0101 |       0100 |               1111 |                          1111
  0010 |          0100 |       0110 |               0011 |                          1100
  0000 |          0000 |       0110 |               0011 |                          1100
  0100 |          0010 |       1010 |               0101 |                          1010
  1001 |          1001 |       0011 |               1110 |                          0111
  1010 |          0101 |       1101 |               0011 |                          1100
  0000 |          0000 |       1101 |               0011 |                          1100
  0101 |          1010 |       0010 |               1101 |                          1011
  0110 |          0110 |       1000 |               0011 |                          1100
  1000 |          0001 |       0000 |               0100 |                          0010
  1010 |          0101 |       1010 |               1001 |                          1001
-------------------------------------------------
Payload:     0110100001001000101001001000010010011010000001010110100010110000
Data:        011010000100100010100100100001001001101000000101011010001011
Checksum:    0000
Nibble | ReverseNibble | Nibble Sum | Reverse Nibble Sum | Reverse of Reverse Nibble Sum 
  0110 |          0110 |       0110 |               0110 |                          0110
  1000 |          0001 |       1110 |               0111 |                          1110
  0100 |          0010 |       0010 |               1001 |                          1001
  1000 |          0001 |       1010 |               1010 |                          0101
  1010 |          0101 |       0100 |               1111 |                          1111
  0100 |          0010 |       1000 |               0001 |                          1000
  1000 |          0001 |       0000 |               0010 |                          0100
  0100 |          0010 |       0100 |               0100 |                          0010
  1001 |          1001 |       1101 |               1101 |                          1011
  1010 |          0101 |       0111 |               0010 |                          0100
  0000 |          0000 |       0111 |               0010 |                          0100
  0101 |          1010 |       1100 |               1100 |                          0011
  0110 |          0110 |       0010 |               0010 |                          0100
  1000 |          0001 |       1010 |               0011 |                          1100
  1011 |          1101 |       0101 |               0000 |                          0000
-------------------------------------------------
Payload:     0110100001001000100101001000010010011010000001010110100010110010
Data:        011010000100100010010100100001001001101000000101011010001011
Checksum:    0010
Nibble | ReverseNibble | Nibble Sum | Reverse Nibble Sum | Reverse of Reverse Nibble Sum 
  0110 |          0110 |       0110 |               0110 |                          0110
  1000 |          0001 |       1110 |               0111 |                          1110
  0100 |          0010 |       0010 |               1001 |                          1001
  1000 |          0001 |       1010 |               1010 |                          0101
  1001 |          1001 |       0011 |               0011 |                          1100
  0100 |          0010 |       0111 |               0101 |                          1010
  1000 |          0001 |       1111 |               0110 |                          0110
  0100 |          0010 |       0011 |               1000 |                          0001
  1001 |          1001 |       1100 |               0001 |                          1000
  1010 |          0101 |       0110 |               0110 |                          0110
  0000 |          0000 |       0110 |               0110 |                          0110
  0101 |          1010 |       1011 |               0000 |                          0000
  0110 |          0110 |       0001 |               0110 |                          0110
  1000 |          0001 |       1001 |               0111 |                          1110
  1011 |          1101 |       0100 |               0100 |                          0010
-------------------------------------------------
Payload:     0110100001001000000011001000010010011010000001010110100010110011
Data:        011010000100100000001100100001001001101000000101011010001011
Checksum:    0011
Nibble | ReverseNibble | Nibble Sum | Reverse Nibble Sum | Reverse of Reverse Nibble Sum 
  0110 |          0110 |       0110 |               0110 |                          0110
  1000 |          0001 |       1110 |               0111 |                          1110
  0100 |          0010 |       0010 |               1001 |                          1001
  1000 |          0001 |       1010 |               1010 |                          0101
  0000 |          0000 |       1010 |               1010 |                          0101
  1100 |          0011 |       0110 |               1101 |                          1011
  1000 |          0001 |       1110 |               1110 |                          0111
  0100 |          0010 |       0010 |               0000 |                          0000
  1001 |          1001 |       1011 |               1001 |                          1001
  1010 |          0101 |       0101 |               1110 |                          0111
  0000 |          0000 |       0101 |               1110 |                          0111
  0101 |          1010 |       1010 |               1000 |                          0001
  0110 |          0110 |       0000 |               1110 |                          0111
  1000 |          0001 |       1000 |               1111 |                          1111
  1011 |          1101 |       0011 |               1100 |                          0011
-------------------------------------------------
Payload:     0110100000100001011011001000010010011010000001010110100010101100
Data:        011010000010000101101100100001001001101000000101011010001010
Checksum:    1100
Nibble | ReverseNibble | Nibble Sum | Reverse Nibble Sum | Reverse of Reverse Nibble Sum 
  0110 |          0110 |       0110 |               0110 |                          0110
  1000 |          0001 |       1110 |               0111 |                          1110
  0010 |          0100 |       0000 |               1011 |                          1101
  0001 |          1000 |       0001 |               0011 |                          1100
  0110 |          0110 |       0111 |               1001 |                          1001
  1100 |          0011 |       0011 |               1100 |                          0011
  1000 |          0001 |       1011 |               1101 |                          1011
  0100 |          0010 |       1111 |               1111 |                          1111
  1001 |          1001 |       1000 |               1000 |                          0001
  1010 |          0101 |       0010 |               1101 |                          1011
  0000 |          0000 |       0010 |               1101 |                          1011
  0101 |          1010 |       0111 |               0111 |                          1110
  0110 |          0110 |       1101 |               1101 |                          1011
  1000 |          0001 |       0101 |               1110 |                          0111
  1010 |          0101 |       1111 |               0011 |                          1100
-------------------------------------------------
Payload:     0110100000100001011011001000010010011010000001010110100010101100
Data:        011010000010000101101100100001001001101000000101011010001010
Checksum:    1100
Nibble | ReverseNibble | Nibble Sum | Reverse Nibble Sum | Reverse of Reverse Nibble Sum 
  0110 |          0110 |       0110 |               0110 |                          0110
  1000 |          0001 |       1110 |               0111 |                          1110
  0010 |          0100 |       0000 |               1011 |                          1101
  0001 |          1000 |       0001 |               0011 |                          1100
  0110 |          0110 |       0111 |               1001 |                          1001
  1100 |          0011 |       0011 |               1100 |                          0011
  1000 |          0001 |       1011 |               1101 |                          1011
  0100 |          0010 |       1111 |               1111 |                          1111
  1001 |          1001 |       1000 |               1000 |                          0001
  1010 |          0101 |       0010 |               1101 |                          1011
  0000 |          0000 |       0010 |               1101 |                          1011
  0101 |          1010 |       0111 |               0111 |                          1110
  0110 |          0110 |       1101 |               1101 |                          1011
  1000 |          0001 |       0101 |               1110 |                          0111
  1010 |          0101 |       1111 |               0011 |                          1100
-------------------------------------------------
Payload:     0110100000100001011011001000010010011010000001010110100010111101
Data:        011010000010000101101100100001001001101000000101011010001011
Checksum:    1101
Nibble | ReverseNibble | Nibble Sum | Reverse Nibble Sum | Reverse of Reverse Nibble Sum 
  0110 |          0110 |       0110 |               0110 |                          0110
  1000 |          0001 |       1110 |               0111 |                          1110
  0010 |          0100 |       0000 |               1011 |                          1101
  0001 |          1000 |       0001 |               0011 |                          1100
  0110 |          0110 |       0111 |               1001 |                          1001
  1100 |          0011 |       0011 |               1100 |                          0011
  1000 |          0001 |       1011 |               1101 |                          1011
  0100 |          0010 |       1111 |               1111 |                          1111
  1001 |          1001 |       1000 |               1000 |                          0001
  1010 |          0101 |       0010 |               1101 |                          1011
  0000 |          0000 |       0010 |               1101 |                          1011
  0101 |          1010 |       0111 |               0111 |                          1110
  0110 |          0110 |       1101 |               1101 |                          1011
  1000 |          0001 |       0101 |               1110 |                          0111
  1011 |          1101 |       0000 |               1011 |                          1101
-------------------------------------------------
Payload:     0110100001001000101000100000010010011010000001010110100010101001
Data:        011010000100100010100010000001001001101000000101011010001010
Checksum:    1001
Nibble | ReverseNibble | Nibble Sum | Reverse Nibble Sum | Reverse of Reverse Nibble Sum 
  0110 |          0110 |       0110 |               0110 |                          0110
  1000 |          0001 |       1110 |               0111 |                          1110
  0100 |          0010 |       0010 |               1001 |                          1001
  1000 |          0001 |       1010 |               1010 |                          0101
  1010 |          0101 |       0100 |               1111 |                          1111
  0010 |          0100 |       0110 |               0011 |                          1100
  0000 |          0000 |       0110 |               0011 |                          1100
  0100 |          0010 |       1010 |               0101 |                          1010
  1001 |          1001 |       0011 |               1110 |                          0111
  1010 |          0101 |       1101 |               0011 |                          1100
  0000 |          0000 |       1101 |               0011 |                          1100
  0101 |          1010 |       0010 |               1101 |                          1011
  0110 |          0110 |       1000 |               0011 |                          1100
  1000 |          0001 |       0000 |               0100 |                          0010
  1010 |          0101 |       1010 |               1001 |                          1001
-------------------------------------------------
Payload:     0110100001001000101000100000010010011010000001011110100010100101
Data:        011010000100100010100010000001001001101000000101111010001010
Checksum:    0101
Nibble | ReverseNibble | Nibble Sum | Reverse Nibble Sum | Reverse of Reverse Nibble Sum 
  0110 |          0110 |       0110 |               0110 |                          0110
  1000 |          0001 |       1110 |               0111 |                          1110
  0100 |          0010 |       0010 |               1001 |                          1001
  1000 |          0001 |       1010 |               1010 |                          0101
  1010 |          0101 |       0100 |               1111 |                          1111
  0010 |          0100 |       0110 |               0011 |                          1100
  0000 |          0000 |       0110 |               0011 |                          1100
  0100 |          0010 |       1010 |               0101 |                          1010
  1001 |          1001 |       0011 |               1110 |                          0111
  1010 |          0101 |       1101 |               0011 |                          1100
  0000 |          0000 |       1101 |               0011 |                          1100
  0101 |          1010 |       0010 |               1101 |                          1011
  1110 |          0111 |       0000 |               0100 |                          0010
  1000 |          0001 |       1000 |               0101 |                          1010
  1010 |          0101 |       0010 |               1010 |                          0101
-------------------------------------------------
Payload:     0110100001001000101000100000010010011010000001010001100010101101
Data:        011010000100100010100010000001001001101000000101000110001010
Checksum:    1101
Nibble | ReverseNibble | Nibble Sum | Reverse Nibble Sum | Reverse of Reverse Nibble Sum 
  0110 |          0110 |       0110 |               0110 |                          0110
  1000 |          0001 |       1110 |               0111 |                          1110
  0100 |          0010 |       0010 |               1001 |                          1001
  1000 |          0001 |       1010 |               1010 |                          0101
  1010 |          0101 |       0100 |               1111 |                          1111
  0010 |          0100 |       0110 |               0011 |                          1100
  0000 |          0000 |       0110 |               0011 |                          1100
  0100 |          0010 |       1010 |               0101 |                          1010
  1001 |          1001 |       0011 |               1110 |                          0111
  1010 |          0101 |       1101 |               0011 |                          1100
  0000 |          0000 |       1101 |               0011 |                          1100
  0101 |          1010 |       0010 |               1101 |                          1011
  0001 |          1000 |       0011 |               0101 |                          1010
  1000 |          0001 |       1011 |               0110 |                          0110
  1010 |          0101 |       0101 |               1011 |                          1101
-------------------------------------------------
Payload:     0110100001001000011000100000010010011010000001011001100010101011
Data:        011010000100100001100010000001001001101000000101100110001010
Checksum:    1011
Nibble | ReverseNibble | Nibble Sum | Reverse Nibble Sum | Reverse of Reverse Nibble Sum 
  0110 |          0110 |       0110 |               0110 |                          0110
  1000 |          0001 |       1110 |               0111 |                          1110
  0100 |          0010 |       0010 |               1001 |                          1001
  1000 |          0001 |       1010 |               1010 |                          0101
  0110 |          0110 |       0000 |               0000 |                          0000
  0010 |          0100 |       0010 |               0100 |                          0010
  0000 |          0000 |       0010 |               0100 |                          0010
  0100 |          0010 |       0110 |               0110 |                          0110
  1001 |          1001 |       1111 |               1111 |                          1111
  1010 |          0101 |       1001 |               0100 |                          0010
  0000 |          0000 |       1001 |               0100 |                          0010
  0101 |          1010 |       1110 |               1110 |                          0111
  1001 |          1001 |       0111 |               0111 |                          1110
  1000 |          0001 |       1111 |               1000 |                          0001
  1010 |          0101 |       1001 |               1101 |                          1011
-------------------------------------------------
Payload:     0110100001001000011000100000010010011010000001010000010010101010
Data:        011010000100100001100010000001001001101000000101000001001010
Checksum:    1010
Nibble | ReverseNibble | Nibble Sum | Reverse Nibble Sum | Reverse of Reverse Nibble Sum 
  0110 |          0110 |       0110 |               0110 |                          0110
  1000 |          0001 |       1110 |               0111 |                          1110
  0100 |          0010 |       0010 |               1001 |                          1001
  1000 |          0001 |       1010 |               1010 |                          0101
  0110 |          0110 |       0000 |               0000 |                          0000
  0010 |          0100 |       0010 |               0100 |                          0010
  0000 |          0000 |       0010 |               0100 |                          0010
  0100 |          0010 |       0110 |               0110 |                          0110
  1001 |          1001 |       1111 |               1111 |                          1111
  1010 |          0101 |       1001 |               0100 |                          0010
  0000 |          0000 |       1001 |               0100 |                          0010
  0101 |          1010 |       1110 |               1110 |                          0111
  0000 |          0000 |       1110 |               1110 |                          0111
  0100 |          0010 |       0010 |               0000 |                          0000
  1010 |          0101 |       1100 |               0101 |                          1010
-------------------------------------------------
Payload:     0110100001001000011000100000010010011010000001011000010010100110
Data:        011010000100100001100010000001001001101000000101100001001010
Checksum:    0110
Nibble | ReverseNibble | Nibble Sum | Reverse Nibble Sum | Reverse of Reverse Nibble Sum 
  0110 |          0110 |       0110 |               0110 |                          0110
  1000 |          0001 |       1110 |               0111 |                          1110
  0100 |          0010 |       0010 |               1001 |                          1001
  1000 |          0001 |       1010 |               1010 |                          0101
  0110 |          0110 |       0000 |               0000 |                          0000
  0010 |          0100 |       0010 |               0100 |                          0010
  0000 |          0000 |       0010 |               0100 |                          0010
  0100 |          0010 |       0110 |               0110 |                          0110
  1001 |          1001 |       1111 |               1111 |                          1111
  1010 |          0101 |       1001 |               0100 |                          0010
  0000 |          0000 |       1001 |               0100 |                          0010
  0101 |          1010 |       1110 |               1110 |                          0111
  1000 |          0001 |       0110 |               1111 |                          1111
  0100 |          0010 |       1010 |               0001 |                          1000
  1010 |          0101 |       0100 |               0110 |                          0110
-------------------------------------------------
Payload:     0110100001001000111000100000010010011010000001010100010010100001
Data:        011010000100100011100010000001001001101000000101010001001010
Checksum:    0001
Nibble | ReverseNibble | Nibble Sum | Reverse Nibble Sum | Reverse of Reverse Nibble Sum 
  0110 |          0110 |       0110 |               0110 |                          0110
  1000 |          0001 |       1110 |               0111 |                          1110
  0100 |          0010 |       0010 |               1001 |                          1001
  1000 |          0001 |       1010 |               1010 |                          0101
  1110 |          0111 |       1000 |               0001 |                          1000
  0010 |          0100 |       1010 |               0101 |                          1010
  0000 |          0000 |       1010 |               0101 |                          1010
  0100 |          0010 |       1110 |               0111 |                          1110
  1001 |          1001 |       0111 |               0000 |                          0000
  1010 |          0101 |       0001 |               0101 |                          1010
  0000 |          0000 |       0001 |               0101 |                          1010
  0101 |          1010 |       0110 |               1111 |                          1111
  0100 |          0010 |       1010 |               0001 |                          1000
  0100 |          0010 |       1110 |               0011 |                          1100
  1010 |          0101 |       1000 |               1000 |                          0001
-------------------------------------------------
Payload:     0110100001001000111000000000010010011010000001011000010010101001
Data:        011010000100100011100000000001001001101000000101100001001010
Checksum:    1001
Nibble | ReverseNibble | Nibble Sum | Reverse Nibble Sum | Reverse of Reverse Nibble Sum 
  0110 |          0110 |       0110 |               0110 |                          0110
  1000 |          0001 |       1110 |               0111 |                          1110
  0100 |          0010 |       0010 |               1001 |                          1001
  1000 |          0001 |       1010 |               1010 |                          0101
  1110 |          0111 |       1000 |               0001 |                          1000
  0000 |          0000 |       1000 |               0001 |                          1000
  0000 |          0000 |       1000 |               0001 |                          1000
  0100 |          0010 |       1100 |               0011 |                          1100
  1001 |          1001 |       0101 |               1100 |                          0011
  1010 |          0101 |       1111 |               0001 |                          1000
  0000 |          0000 |       1111 |               0001 |                          1000
  0101 |          1010 |       0100 |               1011 |                          1101
  1000 |          0001 |       1100 |               1100 |                          0011
  0100 |          0010 |       0000 |               1110 |                          0111
  1010 |          0101 |       1010 |               0011 |                          1100
-------------------------------------------------
Payload:     0110100001001000000100100000010010010010000001010010010010101101
Data:        011010000100100000010010000001001001001000000101001001001010
Checksum:    1101
Nibble | ReverseNibble | Nibble Sum | Reverse Nibble Sum | Reverse of Reverse Nibble Sum 
  0110 |          0110 |       0110 |               0110 |                          0110
  1000 |          0001 |       1110 |               0111 |                          1110
  0100 |          0010 |       0010 |               1001 |                          1001
  1000 |          0001 |       1010 |               1010 |                          0101
  0001 |          1000 |       1011 |               0010 |                          0100
  0010 |          0100 |       1101 |               0110 |                          0110
  0000 |          0000 |       1101 |               0110 |                          0110
  0100 |          0010 |       0001 |               1000 |                          0001
  1001 |          1001 |       1010 |               0001 |                          1000
  0010 |          0100 |       1100 |               0101 |                          1010
  0000 |          0000 |       1100 |               0101 |                          1010
  0101 |          1010 |       0001 |               1111 |                          1111
  0010 |          0100 |       0011 |               0011 |                          1100
  0100 |          0010 |       0111 |               0101 |                          1010
  1010 |          0101 |       0001 |               1010 |                          0101
-------------------------------------------------
Payload:     0110100001001000011000101000000010011010000001010110100010101001
Data:        011010000100100001100010100000001001101000000101011010001010
Checksum:    1001
Nibble | ReverseNibble | Nibble Sum | Reverse Nibble Sum | Reverse of Reverse Nibble Sum 
  0110 |          0110 |       0110 |               0110 |                          0110
  1000 |          0001 |       1110 |               0111 |                          1110
  0100 |          0010 |       0010 |               1001 |                          1001
  1000 |          0001 |       1010 |               1010 |                          0101
  0110 |          0110 |       0000 |               0000 |                          0000
  0010 |          0100 |       0010 |               0100 |                          0010
  1000 |          0001 |       1010 |               0101 |                          1010
  0000 |          0000 |       1010 |               0101 |                          1010
  1001 |          1001 |       0011 |               1110 |                          0111
  1010 |          0101 |       1101 |               0011 |                          1100
  0000 |          0000 |       1101 |               0011 |                          1100
  0101 |          1010 |       0010 |               1101 |                          1011
  0110 |          0110 |       1000 |               0011 |                          1100
  1000 |          0001 |       0000 |               0100 |                          0010
  1010 |          0101 |       1010 |               1001 |                          1001
-------------------------------------------------
Payload:     0110100001001100011000101000000010011010000001010110100010101101
Data:        011010000100110001100010100000001001101000000101011010001010
Checksum:    1101
Nibble | ReverseNibble | Nibble Sum | Reverse Nibble Sum | Reverse of Reverse Nibble Sum 
  0110 |          0110 |       0110 |               0110 |                          0110
  1000 |          0001 |       1110 |               0111 |                          1110
  0100 |          0010 |       0010 |               1001 |                          1001
  1100 |          0011 |       1110 |               1100 |                          0011
  0110 |          0110 |       0100 |               0010 |                          0100
  0010 |          0100 |       0110 |               0110 |                          0110
  1000 |          0001 |       1110 |               0111 |                          1110
  0000 |          0000 |       1110 |               0111 |                          1110
  1001 |          1001 |       0111 |               0000 |                          0000
  1010 |          0101 |       0001 |               0101 |                          1010
  0000 |          0000 |       0001 |               0101 |                          1010
  0101 |          1010 |       0110 |               1111 |                          1111
  0110 |          0110 |       1100 |               0101 |                          1010
  1000 |          0001 |       0100 |               0110 |                          0110
  1010 |          0101 |       1110 |               1011 |                          1101
-------------------------------------------------
Payload:     0110100001001001100010101000000010011010000001010110100010101011
Data:        011010000100100110001010100000001001101000000101011010001010
Checksum:    1011
Nibble | ReverseNibble | Nibble Sum | Reverse Nibble Sum | Reverse of Reverse Nibble Sum 
  0110 |          0110 |       0110 |               0110 |                          0110
  1000 |          0001 |       1110 |               0111 |                          1110
  0100 |          0010 |       0010 |               1001 |                          1001
  1001 |          1001 |       1011 |               0010 |                          0100
  1000 |          0001 |       0011 |               0011 |                          1100
  1010 |          0101 |       1101 |               1000 |                          0001
  1000 |          0001 |       0101 |               1001 |                          1001
  0000 |          0000 |       0101 |               1001 |                          1001
  1001 |          1001 |       1110 |               0010 |                          0100
  1010 |          0101 |       1000 |               0111 |                          1110
  0000 |          0000 |       1000 |               0111 |                          1110
  0101 |          1010 |       1101 |               0001 |                          1000
  0110 |          0110 |       0011 |               0111 |                          1110
  1000 |          0001 |       1011 |               1000 |                          0001
  1010 |          0101 |       0101 |               1101 |                          1011
-------------------------------------------------
Payload:     0110100001001000010010101000000010011010000001010110100010100110
Data:        011010000100100001001010100000001001101000000101011010001010
Checksum:    0110
Nibble | ReverseNibble | Nibble Sum | Reverse Nibble Sum | Reverse of Reverse Nibble Sum 
  0110 |          0110 |       0110 |               0110 |                          0110
  1000 |          0001 |       1110 |               0111 |                          1110
  0100 |          0010 |       0010 |               1001 |                          1001
  1000 |          0001 |       1010 |               1010 |                          0101
  0100 |          0010 |       1110 |               1100 |                          0011
  1010 |          0101 |       1000 |               0001 |                          1000
  1000 |          0001 |       0000 |               0010 |                          0100
  0000 |          0000 |       0000 |               0010 |                          0100
  1001 |          1001 |       1001 |               1011 |                          1101
  1010 |          0101 |       0011 |               0000 |                          0000
  0000 |          0000 |       0011 |               0000 |                          0000
  0101 |          1010 |       1000 |               1010 |                          0101
  0110 |          0110 |       1110 |               0000 |                          0000
  1000 |          0001 |       0110 |               0001 |                          1000
  1010 |          0101 |       0000 |               0110 |                          0110
-------------------------------------------------
Payload:     0110100001001000000010000100000010011010000001010110100011101100
Data:        011010000100100000001000010000001001101000000101011010001110
Checksum:    1100
Nibble | ReverseNibble | Nibble Sum | Reverse Nibble Sum | Reverse of Reverse Nibble Sum 
  0110 |          0110 |       0110 |               0110 |                          0110
  1000 |          0001 |       1110 |               0111 |                          1110
  0100 |          0010 |       0010 |               1001 |                          1001
  1000 |          0001 |       1010 |               1010 |                          0101
  0000 |          0000 |       1010 |               1010 |                          0101
  1000 |          0001 |       0010 |               1011 |                          1101
  0100 |          0010 |       0110 |               1101 |                          1011
  0000 |          0000 |       0110 |               1101 |                          1011
  1001 |          1001 |       1111 |               0110 |                          0110
  1010 |          0101 |       1001 |               1011 |                          1101
  0000 |          0000 |       1001 |               1011 |                          1101
  0101 |          1010 |       1110 |               0101 |                          1010
  0110 |          0110 |       0100 |               1011 |                          1101
  1000 |          0001 |       1100 |               1100 |                          0011
  1110 |          0111 |       1010 |               0011 |                          1100
-------------------------------------------------
Payload:     0110100001001000001010000100000010011010000001010110100010101010
Data:        011010000100100000101000010000001001101000000101011010001010
Checksum:    1010
Nibble | ReverseNibble | Nibble Sum | Reverse Nibble Sum | Reverse of Reverse Nibble Sum 
  0110 |          0110 |       0110 |               0110 |                          0110
  1000 |          0001 |       1110 |               0111 |                          1110
  0100 |          0010 |       0010 |               1001 |                          1001
  1000 |          0001 |       1010 |               1010 |                          0101
  0010 |          0100 |       1100 |               1110 |                          0111
  1000 |          0001 |       0100 |               1111 |                          1111
  0100 |          0010 |       1000 |               0001 |                          1000
  0000 |          0000 |       1000 |               0001 |                          1000
  1001 |          1001 |       0001 |               1010 |                          0101
  1010 |          0101 |       1011 |               1111 |                          1111
  0000 |          0000 |       1011 |               1111 |                          1111
  0101 |          1010 |       0000 |               1001 |                          1001
  0110 |          0110 |       0110 |               1111 |                          1111
  1000 |          0001 |       1110 |               0000 |                          0000
  1010 |          0101 |       1000 |               0101 |                          1010
-------------------------------------------------
Payload:     0110100001001000011010000100000010011010000001010110100011101110
Data:        011010000100100001101000010000001001101000000101011010001110
Checksum:    1110
Nibble | ReverseNibble | Nibble Sum | Reverse Nibble Sum | Reverse of Reverse Nibble Sum 
  0110 |          0110 |       0110 |               0110 |                          0110
  1000 |          0001 |       1110 |               0111 |                          1110
  0100 |          0010 |       0010 |               1001 |                          1001
  1000 |          0001 |       1010 |               1010 |                          0101
  0110 |          0110 |       0000 |               0000 |                          0000
  1000 |          0001 |       1000 |               0001 |                          1000
  0100 |          0010 |       1100 |               0011 |                          1100
  0000 |          0000 |       1100 |               0011 |                          1100
  1001 |          1001 |       0101 |               1100 |                          0011
  1010 |          0101 |       1111 |               0001 |                          1000
  0000 |          0000 |       1111 |               0001 |                          1000
  0101 |          1010 |       0100 |               1011 |                          1101
  0110 |          0110 |       1010 |               0001 |                          1000
  1000 |          0001 |       0010 |               0010 |                          0100
  1110 |          0111 |       0000 |               1001 |                          1001
-------------------------------------------------
Payload:     0110100001001000101000100110000000001000000010000110100000100110
Data:        011010000100100010100010011000000000100000001000011010000010
Checksum:    0110
Nibble | ReverseNibble | Nibble Sum | Reverse Nibble Sum | Reverse of Reverse Nibble Sum 
  0110 |          0110 |       0110 |               0110 |                          0110
  1000 |          0001 |       1110 |               0111 |                          1110
  0100 |          0010 |       0010 |               1001 |                          1001
  1000 |          0001 |       1010 |               1010 |                          0101
  1010 |          0101 |       0100 |               1111 |                          1111
  0010 |          0100 |       0110 |               0011 |                          1100
  0110 |          0110 |       1100 |               1001 |                          1001
  0000 |          0000 |       1100 |               1001 |                          1001
  0000 |          0000 |       1100 |               1001 |                          1001
  1000 |          0001 |       0100 |               1010 |                          0101
  0000 |          0000 |       0100 |               1010 |                          0101
  1000 |          0001 |       1100 |               1011 |                          1101
  0110 |          0110 |       0010 |               0001 |                          1000
  1000 |          0001 |       1010 |               0010 |                          0100
  0010 |          0100 |       1100 |               0110 |                          0110
-------------------------------------------------
Payload:     0110100001001000110010100110000000001000000010000110100000101010
Data:        011010000100100011001010011000000000100000001000011010000010
Checksum:    1010
Nibble | ReverseNibble | Nibble Sum | Reverse Nibble Sum | Reverse of Reverse Nibble Sum 
  0110 |          0110 |       0110 |               0110 |                          0110
  1000 |          0001 |       1110 |               0111 |                          1110
  0100 |          0010 |       0010 |               1001 |                          1001
  1000 |          0001 |       1010 |               1010 |                          0101
  1100 |          0011 |       0110 |               1101 |                          1011
  1010 |          0101 |       0000 |               0010 |                          0100
  0110 |          0110 |       0110 |               1000 |                          0001
  0000 |          0000 |       0110 |               1000 |                          0001
  0000 |          0000 |       0110 |               1000 |                          0001
  1000 |          0001 |       1110 |               1001 |                          1001
  0000 |          0000 |       1110 |               1001 |                          1001
  1000 |          0001 |       0110 |               1010 |                          0101
  0110 |          0110 |       1100 |               0000 |                          0000
  1000 |          0001 |       0100 |               0001 |                          1000
  0010 |          0100 |       0110 |               0101 |                          1010
-------------------------------------------------
Payload:     0110100001001000001000000001000000001000000010000110100000101100
Data:        011010000100100000100000000100000000100000001000011010000010
Checksum:    1100
Nibble | ReverseNibble | Nibble Sum | Reverse Nibble Sum | Reverse of Reverse Nibble Sum 
  0110 |          0110 |       0110 |               0110 |                          0110
  1000 |          0001 |       1110 |               0111 |                          1110
  0100 |          0010 |       0010 |               1001 |                          1001
  1000 |          0001 |       1010 |               1010 |                          0101
  0010 |          0100 |       1100 |               1110 |                          0111
  0000 |          0000 |       1100 |               1110 |                          0111
  0001 |          1000 |       1101 |               0110 |                          0110
  0000 |          0000 |       1101 |               0110 |                          0110
  0000 |          0000 |       1101 |               0110 |                          0110
  1000 |          0001 |       0101 |               0111 |                          1110
  0000 |          0000 |       0101 |               0111 |                          1110
  1000 |          0001 |       1101 |               1000 |                          0001
  0110 |          0110 |       0011 |               1110 |                          0111
  1000 |          0001 |       1011 |               1111 |                          1111
  0010 |          0100 |       1101 |               0011 |                          1100
-------------------------------------------------
Payload:     0110100001001000111011000000100000001000000010000110100000100100
Data:        011010000100100011101100000010000000100000001000011010000010
Checksum:    0100
Nibble | ReverseNibble | Nibble Sum | Reverse Nibble Sum | Reverse of Reverse Nibble Sum 
  0110 |          0110 |       0110 |               0110 |                          0110
  1000 |          0001 |       1110 |               0111 |                          1110
  0100 |          0010 |       0010 |               1001 |                          1001
  1000 |          0001 |       1010 |               1010 |                          0101
  1110 |          0111 |       1000 |               0001 |                          1000
  1100 |          0011 |       0100 |               0100 |                          0010
  0000 |          0000 |       0100 |               0100 |                          0010
  1000 |          0001 |       1100 |               0101 |                          1010
  0000 |          0000 |       1100 |               0101 |                          1010
  1000 |          0001 |       0100 |               0110 |                          0110
  0000 |          0000 |       0100 |               0110 |                          0110
  1000 |          0001 |       1100 |               0111 |                          1110
  0110 |          0110 |       0010 |               1101 |                          1011
  1000 |          0001 |       1010 |               1110 |                          0111
  0010 |          0100 |       1100 |               0010 |                          0100
-------------------------------------------------
Payload:     0110100001001000101000100100100000001000000010000110100000101100
Data:        011010000100100010100010010010000000100000001000011010000010
Checksum:    1100
Nibble | ReverseNibble | Nibble Sum | Reverse Nibble Sum | Reverse of Reverse Nibble Sum 
  0110 |          0110 |       0110 |               0110 |                          0110
  1000 |          0001 |       1110 |               0111 |                          1110
  0100 |          0010 |       0010 |               1001 |                          1001
  1000 |          0001 |       1010 |               1010 |                          0101
  1010 |          0101 |       0100 |               1111 |                          1111
  0010 |          0100 |       0110 |               0011 |                          1100
  0100 |          0010 |       1010 |               0101 |                          1010
  1000 |          0001 |       0010 |               0110 |                          0110
  0000 |          0000 |       0010 |               0110 |                          0110
  1000 |          0001 |       1010 |               0111 |                          1110
  0000 |          0000 |       1010 |               0111 |                          1110
  1000 |          0001 |       0010 |               1000 |                          0001
  0110 |          0110 |       1000 |               1110 |                          0111
  1000 |          0001 |       0000 |               1111 |                          1111
  0010 |          0100 |       0010 |               0011 |                          1100
-------------------------------------------------
Payload:     0110100001001000110000001100100000001000000010000110100000100111
Data:        011010000100100011000000110010000000100000001000011010000010
Checksum:    0111
Nibble | ReverseNibble | Nibble Sum | Reverse Nibble Sum | Reverse of Reverse Nibble Sum 
  0110 |          0110 |       0110 |               0110 |                          0110
  1000 |          0001 |       1110 |               0111 |                          1110
  0100 |          0010 |       0010 |               1001 |                          1001
  1000 |          0001 |       1010 |               1010 |                          0101
  1100 |          0011 |       0110 |               1101 |                          1011
  0000 |          0000 |       0110 |               1101 |                          1011
  1100 |          0011 |       0010 |               0000 |                          0000
  1000 |          0001 |       1010 |               0001 |                          1000
  0000 |          0000 |       1010 |               0001 |                          1000
  1000 |          0001 |       0010 |               0010 |                          0100
  0000 |          0000 |       0010 |               0010 |                          0100
  1000 |          0001 |       1010 |               0011 |                          1100
  0110 |          0110 |       0000 |               1001 |                          1001
  1000 |          0001 |       1000 |               1010 |                          0101
  0010 |          0100 |       1010 |               1110 |                          0111
-------------------------------------------------
Payload:     0110100001001000111000001010100000001001010000100110100000101000
Data:        011010000100100011100000101010000000100101000010011010000010
Checksum:    1000
Nibble | ReverseNibble | Nibble Sum | Reverse Nibble Sum | Reverse of Reverse Nibble Sum 
  0110 |          0110 |       0110 |               0110 |                          0110
  1000 |          0001 |       1110 |               0111 |                          1110
  0100 |          0010 |       0010 |               1001 |                          1001
  1000 |          0001 |       1010 |               1010 |                          0101
  1110 |          0111 |       1000 |               0001 |                          1000
  0000 |          0000 |       1000 |               0001 |                          1000
  1010 |          0101 |       0010 |               0110 |                          0110
  1000 |          0001 |       1010 |               0111 |                          1110
  0000 |          0000 |       1010 |               0111 |                          1110
  1001 |          1001 |       0011 |               0000 |                          0000
  0100 |          0010 |       0111 |               0010 |                          0100
  0010 |          0100 |       1001 |               0110 |                          0110
  0110 |          0110 |       1111 |               1100 |                          0011
  1000 |          0001 |       0111 |               1101 |                          1011
  0010 |          0100 |       1001 |               0001 |                          1000
-------------------------------------------------
Payload:     0110100001001000000100001010100000001000010000100110100000100101
Data:        011010000100100000010000101010000000100001000010011010000010
Checksum:    0101
Nibble | ReverseNibble | Nibble Sum | Reverse Nibble Sum | Reverse of Reverse Nibble Sum 
  0110 |          0110 |       0110 |               0110 |                          0110
  1000 |          0001 |       1110 |               0111 |                          1110
  0100 |          0010 |       0010 |               1001 |                          1001
  1000 |          0001 |       1010 |               1010 |                          0101
  0001 |          1000 |       1011 |               0010 |                          0100
  0000 |          0000 |       1011 |               0010 |                          0100
  1010 |          0101 |       0101 |               0111 |                          1110
  1000 |          0001 |       1101 |               1000 |                          0001
  0000 |          0000 |       1101 |               1000 |                          0001
  1000 |          0001 |       0101 |               1001 |                          1001
  0100 |          0010 |       1001 |               1011 |                          1101
  0010 |          0100 |       1011 |               1111 |                          1111
  0110 |          0110 |       0001 |               0101 |                          1010
  1000 |          0001 |       1001 |               0110 |                          0110
  0010 |          0100 |       1011 |               1010 |                          0101
-------------------------------------------------
Payload:     0110100001001000110010001010100011000111010000100110100000100110
Data:        011010000100100011001000101010001100011101000010011010000010
Checksum:    0110
Nibble | ReverseNibble | Nibble Sum | Reverse Nibble Sum | Reverse of Reverse Nibble Sum 
  0110 |          0110 |       0110 |               0110 |                          0110
  1000 |          0001 |       1110 |               0111 |                          1110
  0100 |          0010 |       0010 |               1001 |                          1001
  1000 |          0001 |       1010 |               1010 |                          0101
  1100 |          0011 |       0110 |               1101 |                          1011
  1000 |          0001 |       1110 |               1110 |                          0111
  1010 |          0101 |       1000 |               0011 |                          1100
  1000 |          0001 |       0000 |               0100 |                          0010
  1100 |          0011 |       1100 |               0111 |                          1110
  0111 |          1110 |       0011 |               0101 |                          1010
  0100 |          0010 |       0111 |               0111 |                          1110
  0010 |          0100 |       1001 |               1011 |                          1101
  0110 |          0110 |       1111 |               0001 |                          1000
  1000 |          0001 |       0111 |               0010 |                          0100
  0010 |          0100 |       1001 |               0110 |                          0110
-------------------------------------------------
Payload:     0110100001001000110010001010100011000110010000100110100000100111
Data:        011010000100100011001000101010001100011001000010011010000010
Checksum:    0111
Nibble | ReverseNibble | Nibble Sum | Reverse Nibble Sum | Reverse of Reverse Nibble Sum 
  0110 |          0110 |       0110 |               0110 |                          0110
  1000 |          0001 |       1110 |               0111 |                          1110
  0100 |          0010 |       0010 |               1001 |                          1001
  1000 |          0001 |       1010 |               1010 |                          0101
  1100 |          0011 |       0110 |               1101 |                          1011
  1000 |          0001 |       1110 |               1110 |                          0111
  1010 |          0101 |       1000 |               0011 |                          1100
  1000 |          0001 |       0000 |               0100 |                          0010
  1100 |          0011 |       1100 |               0111 |                          1110
  0110 |          0110 |       0010 |               1101 |                          1011
  0100 |          0010 |       0110 |               1111 |                          1111
  0010 |          0100 |       1000 |               0011 |                          1100
  0110 |          0110 |       1110 |               1001 |                          1001
  1000 |          0001 |       0110 |               1010 |                          0101
  0010 |          0100 |       1000 |               1110 |                          0111
-------------------------------------------------
Payload:     0110100001001000000110001010100011000110100000010110100000100110
Data:        011010000100100000011000101010001100011010000001011010000010
Checksum:    0110
Nibble | ReverseNibble | Nibble Sum | Reverse Nibble Sum | Reverse of Reverse Nibble Sum 
  0110 |          0110 |       0110 |               0110 |                          0110
  1000 |          0001 |       1110 |               0111 |                          1110
  0100 |          0010 |       0010 |               1001 |                          1001
  1000 |          0001 |       1010 |               1010 |                          0101
  0001 |          1000 |       1011 |               0010 |                          0100
  1000 |          0001 |       0011 |               0011 |                          1100
  1010 |          0101 |       1101 |               1000 |                          0001
  1000 |          0001 |       0101 |               1001 |                          1001
  1100 |          0011 |       0001 |               1100 |                          0011
  0110 |          0110 |       0111 |               0010 |                          0100
  1000 |          0001 |       1111 |               0011 |                          1100
  0001 |          1000 |       0000 |               1011 |                          1101
  0110 |          0110 |       0110 |               0001 |                          1000
  1000 |          0001 |       1110 |               0010 |                          0100
  0010 |          0100 |       0000 |               0110 |                          0110
-------------------------------------------------
Payload:     0110100001001000100110001010100011000110100000000110100000101111
Data:        011010000100100010011000101010001100011010000000011010000010
Checksum:    1111
Nibble | ReverseNibble | Nibble Sum | Reverse Nibble Sum | Reverse of Reverse Nibble Sum 
  0110 |          0110 |       0110 |               0110 |                          0110
  1000 |          0001 |       1110 |               0111 |                          1110
  0100 |          0010 |       0010 |               1001 |                          1001
  1000 |          0001 |       1010 |               1010 |                          0101
  1001 |          1001 |       0011 |               0011 |                          1100
  1000 |          0001 |       1011 |               0100 |                          0010
  1010 |          0101 |       0101 |               1001 |                          1001
  1000 |          0001 |       1101 |               1010 |                          0101
  1100 |          0011 |       1001 |               1101 |                          1011
  0110 |          0110 |       1111 |               0011 |                          1100
  1000 |          0001 |       0111 |               0100 |                          0010
  0000 |          0000 |       0111 |               0100 |                          0010
  0110 |          0110 |       1101 |               1010 |                          0101
  1000 |          0001 |       0101 |               1011 |                          1101
  0010 |          0100 |       0111 |               1111 |                          1111
-------------------------------------------------
Payload:     0110100001001000101010001010100011000110001010110110100000101101
Data:        011010000100100010101000101010001100011000101011011010000010
Checksum:    1101
Nibble | ReverseNibble | Nibble Sum | Reverse Nibble Sum | Reverse of Reverse Nibble Sum 
  0110 |          0110 |       0110 |               0110 |                          0110
  1000 |          0001 |       1110 |               0111 |                          1110
  0100 |          0010 |       0010 |               1001 |                          1001
  1000 |          0001 |       1010 |               1010 |                          0101
  1010 |          0101 |       0100 |               1111 |                          1111
  1000 |          0001 |       1100 |               0000 |                          0000
  1010 |          0101 |       0110 |               0101 |                          1010
  1000 |          0001 |       1110 |               0110 |                          0110
  1100 |          0011 |       1010 |               1001 |                          1001
  0110 |          0110 |       0000 |               1111 |                          1111
  0010 |          0100 |       0010 |               0011 |                          1100
  1011 |          1101 |       1101 |               0000 |                          0000
  0110 |          0110 |       0011 |               0110 |                          0110
  1000 |          0001 |       1011 |               0111 |                          1110
  0010 |          0100 |       1101 |               1011 |                          1101
-------------------------------------------------
Payload:     0110100001001000111010001010100011000110001010100110100000101010
Data:        011010000100100011101000101010001100011000101010011010000010
Checksum:    1010
Nibble | ReverseNibble | Nibble Sum | Reverse Nibble Sum | Reverse of Reverse Nibble Sum 
  0110 |          0110 |       0110 |               0110 |                          0110
  1000 |          0001 |       1110 |               0111 |                          1110
  0100 |          0010 |       0010 |               1001 |                          1001
  1000 |          0001 |       1010 |               1010 |                          0101
  1110 |          0111 |       1000 |               0001 |                          1000
  1000 |          0001 |       0000 |               0010 |                          0100
  1010 |          0101 |       1010 |               0111 |                          1110
  1000 |          0001 |       0010 |               1000 |                          0001
  1100 |          0011 |       1110 |               1011 |                          1101
  0110 |          0110 |       0100 |               0001 |                          1000
  0010 |          0100 |       0110 |               0101 |                          1010
  1010 |          0101 |       0000 |               1010 |                          0101
  0110 |          0110 |       0110 |               0000 |                          0000
  1000 |          0001 |       1110 |               0001 |                          1000
  0010 |          0100 |       0000 |               0101 |                          1010
-------------------------------------------------
Payload:     0110100001001000100100000100010011000110100000000110100000100011
Data:        011010000100100010010000010001001100011010000000011010000010
Checksum:    0011
Nibble | ReverseNibble | Nibble Sum | Reverse Nibble Sum | Reverse of Reverse Nibble Sum 
  0110 |          0110 |       0110 |               0110 |                          0110
  1000 |          0001 |       1110 |               0111 |                          1110
  0100 |          0010 |       0010 |               1001 |                          1001
  1000 |          0001 |       1010 |               1010 |                          0101
  1001 |          1001 |       0011 |               0011 |                          1100
  0000 |          0000 |       0011 |               0011 |                          1100
  0100 |          0010 |       0111 |               0101 |                          1010
  0100 |          0010 |       1011 |               0111 |                          1110
  1100 |          0011 |       0111 |               1010 |                          0101
  0110 |          0110 |       1101 |               0000 |                          0000
  1000 |          0001 |       0101 |               0001 |                          1000
  0000 |          0000 |       0101 |               0001 |                          1000
  0110 |          0110 |       1011 |               0111 |                          1110
  1000 |          0001 |       0011 |               1000 |                          0001
  0010 |          0100 |       0101 |               1100 |                          0011
-------------------------------------------------
Payload:     0110100010001000100100000100010011000110100000000110100000101101
Data:        011010001000100010010000010001001100011010000000011010000010
Checksum:    1101
Nibble | ReverseNibble | Nibble Sum | Reverse Nibble Sum | Reverse of Reverse Nibble Sum 
  0110 |          0110 |       0110 |               0110 |                          0110
  1000 |          0001 |       1110 |               0111 |                          1110
  1000 |          0001 |       0110 |               1000 |                          0001
  1000 |          0001 |       1110 |               1001 |                          1001
  1001 |          1001 |       0111 |               0010 |                          0100
  0000 |          0000 |       0111 |               0010 |                          0100
  0100 |          0010 |       1011 |               0100 |                          0010
  0100 |          0010 |       1111 |               0110 |                          0110
  1100 |          0011 |       1011 |               1001 |                          1001
  0110 |          0110 |       0001 |               1111 |                          1111
  1000 |          0001 |       1001 |               0000 |                          0000
  0000 |          0000 |       1001 |               0000 |                          0000
  0110 |          0110 |       1111 |               0110 |                          0110
  1000 |          0001 |       0111 |               0111 |                          1110
  0010 |          0100 |       1001 |               1011 |                          1101
-------------------------------------------------
Payload:     0110100000100001100100000100010011000110100000000110100000101010
Data:        011010000010000110010000010001001100011010000000011010000010
Checksum:    1010
Nibble | ReverseNibble | Nibble Sum | Reverse Nibble Sum | Reverse of Reverse Nibble Sum 
  0110 |          0110 |       0110 |               0110 |                          0110
  1000 |          0001 |       1110 |               0111 |                          1110
  0010 |          0100 |       0000 |               1011 |                          1101
  0001 |          1000 |       0001 |               0011 |                          1100
  1001 |          1001 |       1010 |               1100 |                          0011
  0000 |          0000 |       1010 |               1100 |                          0011
  0100 |          0010 |       1110 |               1110 |                          0111
  0100 |          0010 |       0010 |               0000 |                          0000
  1100 |          0011 |       1110 |               0011 |                          1100
  0110 |          0110 |       0100 |               1001 |                          1001
  1000 |          0001 |       1100 |               1010 |                          0101
  0000 |          0000 |       1100 |               1010 |                          0101
  0110 |          0110 |       0010 |               0000 |                          0000
  1000 |          0001 |       1010 |               0001 |                          1000
  0010 |          0100 |       1100 |               0101 |                          1010
-------------------------------------------------
